1
1
8
8
8
5
5
5
4
8
8
8
5
1
8
8
8
7
3
7
7
8
8
5
4
3
8
8
8
1
7
5
5
5
8
8
8
8
8
2
2
2
7
7
3
2
2
4
7
7
8
8
8
8
8
5
8
8
5
5
5
8
8
8
8
5
8
8
8
8
8
8
8
7
8
8
8
5
5
5
6
6
6
3
5
5
5
5
6
6
5
5
5
1
8
5
8
2
2
2
2
4
1
0
0
0
6
6
1
0
0
0
8
8
8
8
8
8
8
8
0
6
3
3
4
4
8
8
8
5
8
2
2
2
1
1
5
5
8
8
8
8
8
8
8
5
5
5
8
8
8
8
8
8
8
8
5
5
8
8
8
8
8
8
8
8
8
8
8
8
8
8
8
8
8
8
2
2
5
8
8
8
2
8
8
8
8
8
8
2
2
8
2
2
8
5
5
8
8
8
8
8
8
8
8
8
8
8
8
8
8
8
8
8
8
8
8
8
8
8
8
8
8
8
8
8
8
8
8
8
2
2
2
4
4
8
8
8
8
8
8
8
8
8
8
8
8
8
8
8
8
8
8
8
8
8
8
8
8
8
8
8
8
8
8
8
8
8
8
8
8
8
8
8
8
8
8
8
8
8
8
8
8
8
8
8
8
8
8
8
8
8
8
8
8
8
8
8
8
8
8
8
8
8
8
8
8
8
8
8
8
8
8
8
8
8
8
8
8
8
8
8
8
8
8
8
8
8
8
8
8
8
8
8
8
8
8
8
8
8
8
8
8
8
8
8
8
8
8
8
8
8
8
8
8
8
8
8
8
8
8
8
8
8
8
8
8
8
8
8
8
8
8
8
8
8
8
8
8
8
8
8
8
8
8
8
8
8
8
8
8
8
8
8
8
8
8
8
8
8
8
8
8
8
8
8
8
8
8
8
8
8
8
8
8
8
8
8
8
8
8
8
8
8
8
8
8
8
8
8
8
8
8
8
8
8
8
8
8
8
8
8
8
8
8
8
8
8
8
8
8
8
8
8
8
8
8
8
8
8
8
8
8
8
8
8
8
8
8
8
8
8
8
8
8
8
