1
1
1
8
8
8
5
5
5
2
1
8
3
3
1
8
8
1
0
7
1
2
2
2
7
0
3
3
3
3
3
7
7
7
8
2
1
8
7
7
0
8
3
3
8
8
5
2
2
2
1
8
6
7
8
8
8
7
6
6
6
3
5
5
6
6
1
0
3
3
6
6
6
2
8
6
1
8
8
8
8
5
3
3
7
8
5
5
5
7
7
8
2
2
2
8
5
5
5
2
0
8
8
8
5
3
3
8
8
8
5
8
2
0
8
8
8
8
8
8
2
2
8
8
8
8
8
8
8
8
8
2
2
2
8
2
2
3
8
2
2
8
5
8
2
2
2
8
2
2
1
8
8
8
2
2
2
7
6
3
3
3
4
4
6
1
1
8
8
8
8
2
8
8
2
2
0
4
1
1
1
8
8
8
2
2
6
6
2
2
8
2
2
8
8
2
8
8
8
2
2
2
6
8
2
2
7
7
6
3
3
5
8
8
8
8
2
8
8
2
8
2
2
2
8
2
8
8
8
2
2
8
8
2
2
8
2
8
2
6
8
2
2
6
6
6
2
2
2
6
6
2
2
6
6
2
6
6
2
6
6
2
2
6
6
2
6
2
6
2
8
8
2
6
6
6
2
2
6
2
2
6
2
6
2
6
6
2
6
2
6
2
2
2
6
8
2
2
6
2
6
2
4
6
6
2
2
6
2
2
6
2
6
2
6
2
6
6
2
2
8
2
8
2
2
2
6
6
2
6
2
6
2
8
2
2
2
6
2
8
2
2
2
6
6
2
2
6
2
6
8
2
6
2
6
2
8
2
6
2
6
2
6
2
2
2
6
2
6
2
2
6
2
2
6
2
2
2
6
2
6
2
6
6
2
6
2
6
6
2
2
6
6
6
2
6
2
6
2
6
2
6
2
6
2
6
2
2
6
2
6
6
6
2
6
2
6
2
6
2
6
6
2
6
2
2
6
6
2
6
2
6
2
6
2
6
2
6
2
8
2
2
6
2
2
6
2
6
2
2
6
2
6
2
6
2
6
2
8
2
6
2
6
2
6
6
2
2
6
2
6
6
2
6
2
6
