4
1
4
4
6
2
7
5
3
7
7
7
1
8
0
7
6
7
0
1
0
4
0
7
6
6
7
7
6
7
2
2
7
2
7
0
7
0
6
3
8
0
3
0
5
0
5
0
6
0
3
0
6
0
1
4
3
2
4
5
4
5
6
5
1
6
3
4
5
3
6
4
6
4
2
5
8
4
3
4
5
3
4
3
8
5
3
8
5
8
5
3
0
5
0
5
0
1
0
4
0
2
0
1
0
1
0
4
0
4
0
4
0
5
0
4
0
5
0
5
0
5
0
4
0
6
0
5
0
5
0
5
0
6
0
6
0
8
0
5
0
5
0
5
0
5
0
8
0
6
0
5
0
5
0
5
0
5
0
8
0
6
0
5
0
8
0
6
0
5
0
5
0
5
0
5
0
6
0
5
0
6
0
6
0
6
0
5
0
5
0
6
0
6
0
5
0
5
0
6
0
6
0
5
0
6
0
5
0
5
0
4
0
4
0
5
0
5
0
5
0
6
0
4
0
5
0
4
0
5
0
4
0
4
0
5
0
6
0
6
0
8
0
6
0
6
0
5
0
5
0
5
0
6
0
6
0
6
0
8
0
5
0
5
0
5
0
5
0
6
0
5
0
6
0
6
0
5
0
5
0
5
0
5
0
5
0
5
0
2
0
5
0
1
0
5
0
5
0
4
0
5
0
8
6
4
8
4
2
4
6
2
8
0
5
0
6
0
4
0
8
0
6
0
6
0
6
0
5
0
5
0
6
0
5
0
5
0
5
0
5
0
5
0
5
0
6
0
5
0
4
0
6
0
6
0
6
0
6
0
5
0
5
0
8
0
8
0
5
0
5
0
2
0
8
0
7
0
7
0
7
0
7
0
7
0
7
0
7
0
7
0
7
0
7
0
7
0
7
0
7
0
7
0
7
0
7
0
7
0
7
0
7
0
7
0
7
0
7
0
7
0
7
0
7
0
7
0
7
0
7
0
7
0
7
0
7
0
7
0
7
0
7
0
7
0
7
0
6
0
5
0
6
0
4
0
1
0
7
0
7
0
7
0
7
0
7
0
