0
6
4
6
1
2
1
8
7
6
7
0
8
0
4
7
0
8
7
1
1
1
5
6
7
2
7
7
8
3
5
7
7
3
7
0
7
0
7
0
7
0
7
0
7
0
7
0
7
0
7
0
7
0
7
0
7
0
7
0
7
0
7
0
7
0
7
0
7
0
7
0
7
0
7
0
7
0
7
0
7
0
7
0
7
0
7
0
7
0
7
0
7
0
7
0
7
0
7
0
7
0
7
0
7
0
7
0
7
0
7
0
7
0
7
0
7
0
7
0
7
0
7
0
7
0
7
0
7
0
7
0
7
0
7
0
7
0
7
0
7
0
7
0
7
0
7
0
7
0
7
0
7
0
7
0
7
0
7
0
7
0
7
0
7
0
7
0
7
0
7
0
7
0
7
0
7
0
7
0
7
0
7
0
7
0
7
0
7
0
7
0
7
0
7
0
7
0
7
0
7
0
7
0
7
0
7
0
7
0
7
0
7
0
7
0
7
0
7
0
7
0
7
0
7
0
7
0
4
0
4
0
5
0
2
0
4
0
6
0
6
0
4
0
6
0
6
0
6
0
5
0
5
0
5
0
5
0
5
0
5
0
8
0
8
0
5
0
1
0
6
0
6
0
5
0
6
0
5
0
5
0
8
0
6
0
5
0
5
0
5
0
6
0
6
0
5
0
6
0
6
0
5
0
6
0
8
0
5
0
6
0
6
0
5
0
5
0
6
0
4
0
4
0
6
0
4
0
5
0
5
0
6
0
2
0
4
0
8
0
2
0
4
0
5
0
6
0
4
0
5
0
5
0
6
0
5
0
4
0
6
0
5
0
4
0
6
0
5
0
5
0
6
0
6
0
4
0
4
0
5
0
5
0
2
0
5
0
6
0
6
0
6
0
6
0
5
0
6
0
1
0
5
0
5
0
8
0
5
0
8
0
5
0
5
0
5
0
6
0
6
0
5
0
6
0
5
0
5
0
5
0
5
0
5
0
5
0
6
0
5
0
6
0
5
0
5
0
5
0
6
0
4
0
5
0
6
0
4
0
6
0
8
0
5
0
6
0
