0
5
0
7
0
1
0
6
0
0
6
0
6
0
3
3
0
5
0
6
0
4
0
1
3
6
0
0
7
0
3
0
7
0
7
0
7
0
7
0
7
0
4
0
6
0
7
0
7
0
7
0
7
0
7
0
1
0
7
0
1
0
7
0
7
0
7
0
7
0
7
0
7
0
7
0
7
0
7
0
7
0
7
0
7
0
7
0
7
0
7
0
7
0
7
0
7
0
7
0
7
0
7
0
7
0
7
0
7
0
7
0
7
0
7
0
7
0
7
0
7
0
7
0
7
0
7
0
7
0
7
0
7
0
7
0
7
0
7
0
7
0
7
0
7
0
7
0
7
0
7
0
7
0
7
0
7
0
7
0
7
0
7
0
7
0
7
0
7
0
7
0
7
0
7
0
7
0
7
0
7
0
7
0
7
0
7
6
7
5
7
8
7
5
7
4
7
2
7
5
7
2
7
1
7
5
7
5
7
5
7
5
7
5
7
5
7
5
7
5
7
5
7
2
7
5
7
5
7
5
7
5
7
8
7
6
7
5
7
5
7
5
7
6
7
8
7
5
7
5
7
8
7
6
7
5
7
2
7
6
7
8
7
0
7
0
7
0
7
0
7
0
7
0
7
0
7
0
7
0
7
0
7
0
7
0
7
0
7
0
7
0
7
0
7
0
7
0
7
0
7
0
7
0
7
0
7
0
7
0
7
0
7
0
7
0
7
0
7
0
7
0
7
0
7
0
7
0
7
0
7
0
7
0
7
0
7
0
7
0
7
0
7
0
7
0
7
0
7
0
7
0
7
0
7
0
7
0
7
0
7
0
7
0
7
0
7
0
7
0
7
0
7
0
7
5
7
5
7
4
7
8
7
8
7
4
7
5
7
5
7
4
7
8
7
5
7
4
7
4
7
4
7
4
7
4
7
2
7
2
7
4
7
5
7
1
7
5
7
6
7
6
7
8
7
5
7
8
7
5
7
8
7
5
7
4
7
1
7
4
7
4
7
5
7
6
7
5
7
6
7
4
7
4
7
0
7
0
7
0
7
0
7
0
7
0
7
0
