6
8
0
6
5
0
1
0
1
0
7
0
3
3
6
0
3
0
0
8
0
5
0
6
0
7
0
3
0
7
3
0
7
0
3
0
7
3
7
0
7
0
6
3
7
0
7
0
6
0
7
0
7
0
7
0
7
0
7
0
7
0
7
0
7
0
7
0
7
0
7
0
7
0
7
0
7
0
7
0
7
0
7
0
7
0
7
0
7
0
7
0
7
0
7
0
7
0
7
0
7
0
7
0
7
0
7
0
7
0
7
0
7
0
7
0
7
0
7
0
7
0
7
0
7
6
7
2
7
8
7
5
7
6
7
5
7
6
7
5
7
5
7
5
7
5
7
8
7
8
7
5
7
5
7
5
7
5
7
5
7
5
7
8
7
5
7
5
7
5
7
5
7
5
7
8
7
8
7
5
7
4
6
0
6
0
6
0
6
0
3
0
4
0
4
0
5
0
4
0
3
0
6
0
5
0
5
6
4
5
6
0
6
0
5
0
5
0
8
0
6
0
5
0
5
0
5
0
6
0
5
0
6
0
5
0
8
0
4
0
6
0
2
0
6
0
6
0
6
0
2
0
8
0
6
0
8
0
2
0
5
0
5
0
5
0
5
0
4
0
2
0
4
0
4
0
5
0
4
0
5
0
5
0
6
0
5
0
8
0
4
0
8
0
5
0
8
0
5
0
5
0
5
0
8
0
5
0
5
0
6
0
5
0
5
0
6
0
4
0
4
0
6
0
6
0
6
0
5
0
6
0
4
0
6
0
6
0
4
0
4
0
5
0
4
0
4
0
6
0
6
0
5
0
4
0
5
0
5
0
5
0
5
0
4
0
5
0
8
0
4
0
5
0
4
0
2
0
8
0
5
0
6
0
6
0
5
0
8
0
7
0
7
0
7
0
7
0
7
0
7
0
7
0
7
0
7
0
7
0
7
0
7
0
7
0
7
0
7
0
7
0
7
0
7
0
7
0
7
0
7
0
7
0
7
0
7
0
7
0
7
0
7
0
7
0
7
0
7
0
7
0
7
0
7
0
7
0
7
0
7
0
7
0
7
0
7
0
