1
2
7
1
7
6
6
7
8
7
3
5
7
3
7
3
7
7
1
7
3
7
3
7
0
7
0
7
0
7
0
7
0
7
0
7
0
7
0
7
0
7
0
7
0
7
0
7
0
7
0
7
0
7
0
7
0
7
0
7
0
7
0
7
0
7
0
7
0
7
0
7
0
7
0
7
0
7
0
7
0
7
0
7
0
7
0
7
0
7
0
7
0
7
0
7
0
7
0
7
0
7
0
7
0
7
0
7
0
7
0
7
0
7
0
7
0
7
0
7
0
7
0
7
0
7
0
7
0
7
0
5
7
1
7
3
7
6
6
7
4
7
3
7
1
7
6
7
2
7
3
7
1
7
1
7
6
7
3
7
5
7
3
7
1
7
8
7
2
7
3
7
5
7
6
7
5
7
3
7
5
7
5
7
6
7
5
7
5
7
4
7
4
7
6
7
5
6
4
6
5
6
1
6
1
5
0
6
0
5
0
6
0
5
6
5
8
4
5
5
5
6
4
5
7
5
7
5
6
5
6
5
7
6
7
5
6
5
6
5
6
6
6
6
8
5
4
5
5
4
5
2
4
6
1
6
1
6
2
6
4
5
6
5
6
5
6
0
5
0
5
6
6
6
6
2
6
6
6
5
8
4
5
0
5
0
5
0
5
0
5
0
8
0
6
0
5
0
4
0
5
0
5
0
5
0
5
0
5
0
5
0
4
0
6
0
5
0
5
0
5
0
5
0
8
0
8
0
8
0
4
0
1
0
4
0
4
0
5
0
6
0
6
0
6
0
6
0
4
0
4
0
6
0
5
0
5
0
5
0
5
0
5
0
8
0
5
0
5
0
5
0
5
0
6
0
6
0
8
0
5
0
5
0
5
0
5
0
2
0
2
0
7
0
6
0
8
0
6
0
4
0
2
0
6
0
5
0
5
0
5
0
5
0
8
0
5
0
8
0
8
0
1
0
8
0
7
0
7
0
7
0
7
0
7
0
7
0
7
0
7
0
7
0
7
0
7
0
6
0
5
0
5
0
5
0
5
0
6
0
6
0
8
0
5
0
5
0
