3
2
0
2
3
0
8
0
3
6
0
0
0
3
5
6
0
3
0
1
0
6
4
0
3
4
0
1
3
2
3
7
0
7
0
7
0
6
0
7
0
7
0
7
0
7
0
7
0
7
0
7
0
7
0
7
0
7
0
7
0
7
0
7
0
7
0
7
0
7
0
7
0
7
0
7
0
7
0
7
0
7
0
7
0
7
0
7
0
7
0
7
0
7
0
7
0
7
0
7
0
7
0
7
0
7
0
7
0
7
0
5
0
6
0
6
0
5
0
8
0
5
0
8
0
7
0
6
0
6
0
5
0
5
0
2
0
5
0
5
0
5
0
4
0
5
0
5
0
5
0
8
0
5
0
5
0
8
0
5
0
5
0
4
0
8
0
6
0
5
0
5
0
6
0
5
0
6
0
8
0
5
0
5
0
6
0
6
0
5
0
4
0
4
0
4
0
6
0
4
0
5
0
5
0
3
0
2
0
7
0
7
0
7
0
7
0
7
0
7
0
7
0
7
0
7
0
7
0
7
0
7
0
7
0
7
0
7
0
7
0
7
0
7
0
7
0
7
0
7
0
7
0
7
0
7
0
7
0
7
0
7
0
7
0
7
0
7
0
7
0
7
0
7
0
7
0
7
0
7
0
7
0
7
0
7
0
7
0
7
0
7
0
7
0
7
0
7
0
7
0
7
0
7
0
7
0
7
0
7
0
7
0
7
0
7
0
7
0
7
0
7
0
7
0
7
0
7
0
7
0
7
0
7
0
7
0
7
0
7
0
7
0
7
0
7
0
7
0
7
0
7
0
7
0
7
0
7
0
7
0
7
0
7
0
7
0
7
0
7
0
7
0
7
0
7
0
7
0
7
0
7
0
7
0
7
0
7
0
7
0
7
0
7
0
7
0
7
0
7
0
7
0
7
0
7
0
7
0
7
0
7
0
7
0
7
0
7
0
7
0
7
0
7
0
7
0
7
0
7
0
7
0
7
0
7
0
7
0
6
0
6
0
6
0
4
0
2
6
5
6
6
5
3
8
5
4
5
0
8
0
5
0
5
0
5
0
5
