2
6
7
0
6
3
7
0
1
0
7
4
7
0
7
0
7
0
7
6
7
5
3
6
4
1
6
1
4
3
5
3
5
3
1
3
8
4
5
0
5
0
4
0
5
0
8
0
4
0
4
0
2
0
4
0
8
0
8
0
3
0
1
0
2
0
3
0
2
0
7
4
7
0
7
0
7
0
7
0
7
0
7
0
7
0
7
0
7
0
7
0
7
0
7
0
7
0
7
0
7
0
7
5
7
5
7
2
7
8
7
4
7
4
7
4
7
8
7
4
7
4
7
4
7
4
7
5
7
5
7
5
7
2
7
5
7
2
7
8
7
8
7
3
7
6
7
8
7
5
7
5
7
4
7
8
7
8
7
4
7
5
7
6
7
4
7
0
7
0
7
0
7
0
7
0
7
5
7
0
4
0
5
0
6
0
8
0
6
0
5
0
6
0
3
0
5
0
6
2
6
0
4
0
7
0
7
0
7
0
7
0
7
0
7
0
7
0
7
0
7
0
7
0
7
0
7
0
7
0
7
0
7
0
7
0
7
0
7
0
7
0
7
0
7
0
7
0
7
0
7
0
7
0
7
0
7
0
7
0
7
0
7
0
7
0
7
0
7
0
7
0
7
0
7
0
7
0
7
0
7
0
7
0
7
0
7
0
7
0
7
0
7
0
7
0
7
4
7
4
7
5
7
4
7
5
7
1
7
5
7
5
7
8
7
8
7
3
7
8
7
6
7
5
7
6
7
5
7
5
7
4
7
4
7
5
7
5
7
5
7
6
7
6
7
8
7
5
7
8
7
8
7
5
7
6
7
5
7
6
7
5
7
6
7
0
7
0
7
0
7
0
7
0
7
0
7
0
7
0
7
0
7
0
7
0
7
0
7
0
7
0
7
0
7
0
7
0
7
0
7
0
7
0
7
0
7
0
7
0
7
0
7
0
7
0
7
0
7
0
7
0
7
0
7
0
7
0
7
0
7
0
7
0
7
0
7
0
7
0
7
0
7
0
7
0
7
0
7
0
7
0
8
0
5
0
6
0
6
0
3
0
5
0
3
0
8
0
