6
6
3
3
3
3
3
8
8
8
2
2
2
1
1
1
4
4
1
1
1
5
5
5
3
3
3
8
8
8
2
2
1
1
6
8
8
8
2
2
8
2
2
2
8
8
6
3
3
8
8
8
8
4
3
6
3
3
6
0
2
8
8
8
8
0
0
7
7
7
5
2
6
6
8
8
4
4
4
8
8
8
8
8
7
8
8
8
6
6
3
8
4
4
1
1
1
5
0
6
8
8
8
2
2
2
1
1
2
8
8
8
2
2
2
7
8
8
8
2
1
5
0
6
6
6
0
2
8
8
8
2
2
2
8
8
8
2
8
8
6
8
2
2
8
8
8
2
8
2
8
8
8
2
8
8
2
8
2
8
8
8
2
8
2
8
8
8
8
8
8
8
8
8
8
8
2
8
2
8
8
2
8
8
8
8
8
8
8
2
8
2
8
8
2
8
8
8
2
8
2
8
8
2
8
8
8
2
8
2
8
2
8
2
8
2
8
2
8
8
2
8
2
8
8
8
8
8
8
2
8
2
8
8
8
8
8
8
8
8
8
8
8
2
8
8
8
8
2
8
8
8
8
8
8
8
8
8
8
8
8
8
8
8
8
8
8
8
8
8
8
8
8
8
8
8
8
8
8
8
8
8
8
8
8
8
8
8
8
8
8
8
8
8
8
8
8
8
8
8
8
8
8
8
8
8
8
8
8
8
8
8
8
8
8
8
8
8
8
8
8
8
8
8
8
8
8
8
8
8
8
8
8
8
8
8
8
8
8
8
8
8
8
8
8
8
8
8
8
8
8
8
8
8
8
8
8
8
8
8
8
8
8
8
8
8
8
8
8
8
8
8
8
8
8
8
8
8
8
8
8
8
8
8
8
8
8
8
8
8
8
8
8
8
8
8
8
8
8
8
8
8
8
8
8
8
8
8
8
8
8
8
8
8
8
8
8
8
8
8
8
8
8
8
8
8
8
8
8
8
8
8
8
8
8
8
8
8
8
8
8
8
8
8
8
8
8
8
8
8
8
8
8
8
8
8
8
8
8
8
8
8
8
8
8
8
8
8
8
8
8
8
8
8
8
8
