3
3
2
2
2
4
4
4
8
8
8
0
5
5
5
4
4
4
4
3
3
4
4
4
4
8
8
8
7
6
3
7
8
6
5
2
2
2
4
4
4
6
4
7
7
1
6
3
4
5
3
4
4
4
8
5
5
5
8
8
8
2
2
0
7
6
3
2
2
6
3
3
5
5
4
8
8
8
4
4
1
2
2
2
4
0
5
5
0
0
3
3
0
5
5
5
3
4
8
8
8
8
8
8
1
1
1
2
1
2
2
8
8
7
1
2
8
8
3
4
8
4
8
8
8
4
8
8
2
8
4
5
5
5
6
0
8
8
8
8
8
8
3
4
8
8
1
8
8
3
5
8
8
8
8
8
8
8
2
8
8
2
0
8
8
8
8
1
8
8
8
8
8
8
8
2
8
2
8
8
8
8
2
8
8
8
8
8
8
8
5
8
8
8
8
2
6
3
8
8
8
8
8
8
2
8
2
8
8
8
8
8
8
8
8
8
8
8
2
8
8
8
8
2
8
2
8
8
8
8
8
8
8
8
2
8
8
8
8
8
8
8
8
8
8
8
8
8
8
8
8
8
8
8
8
8
8
8
8
8
8
8
8
8
8
8
8
8
8
8
8
8
8
8
8
8
8
8
8
8
8
8
8
8
8
8
8
8
8
8
8
8
8
8
8
8
8
8
8
8
8
8
8
8
8
8
8
8
8
8
8
8
8
8
8
8
8
8
8
8
8
8
8
8
8
8
8
8
8
8
8
8
8
8
8
8
8
8
8
8
8
8
8
8
8
8
8
8
8
8
8
8
8
8
8
8
8
8
8
8
8
8
8
8
8
8
8
8
8
8
8
8
8
8
8
8
8
8
8
8
8
8
8
8
8
8
8
8
8
8
8
8
8
8
8
8
8
8
8
8
8
8
8
8
8
8
8
8
8
8
8
8
8
8
8
8
8
8
8
8
8
8
8
8
8
8
8
8
8
8
8
8
8
8
8
8
8
8
8
8
8
8
8
8
8
8
8
8
8
8
8
8
8
8
8
8
8
8
8
8
8
8
8
8
8
8
8
8
8
8
8
8
8
8
8
8
