6
6
7
5
5
5
0
1
1
1
1
1
1
3
3
5
6
6
3
3
5
4
0
0
3
8
7
7
4
3
8
8
8
0
0
1
1
8
8
8
6
6
7
1
8
8
8
8
8
0
1
1
1
6
6
6
6
2
5
5
5
4
4
4
5
6
8
8
8
8
8
8
8
8
6
8
8
8
8
8
6
1
1
1
8
8
8
6
3
6
8
8
8
6
8
6
1
6
2
6
8
8
0
3
3
8
8
8
8
8
8
8
8
8
6
8
8
6
8
8
8
8
8
8
8
8
8
8
6
8
8
8
8
8
8
8
8
6
2
2
4
0
4
4
6
6
6
2
6
6
6
8
8
8
8
8
8
8
8
8
8
8
8
8
8
8
8
8
8
8
8
8
8
8
8
8
8
8
8
8
8
8
8
8
8
8
8
8
8
8
8
8
8
8
8
8
8
8
8
8
8
8
8
8
8
8
8
8
8
8
8
8
8
8
8
8
8
8
8
8
8
8
8
8
8
8
8
8
8
8
8
8
8
8
8
8
8
8
8
8
8
8
8
8
8
8
8
8
8
8
8
8
8
8
8
8
8
8
8
8
8
8
8
8
8
8
8
8
8
8
8
8
8
8
8
8
8
8
8
8
8
8
8
8
8
8
8
8
8
8
8
8
8
8
8
8
8
8
8
8
8
8
8
8
8
8
8
8
8
8
8
8
8
8
8
8
8
8
8
8
8
8
8
8
8
8
8
8
8
8
8
8
8
8
8
8
8
8
8
8
8
8
8
8
8
8
8
8
8
8
8
8
8
8
8
8
8
8
8
8
8
8
8
8
8
8
8
8
8
8
8
8
8
8
8
8
8
8
8
8
8
8
8
8
8
8
8
8
8
8
8
8
8
8
8
8
8
8
8
8
8
8
8
8
8
8
8
8
8
8
8
8
8
8
8
8
8
8
8
8
8
8
8
8
8
8
8
8
8
8
8
8
8
8
8
8
8
8
8
8
8
8
8
8
8
8
8
8
8
8
8
8
8
8
8
8
8
8
8
8
8
8
8
8
8
8
8
8
8
8
8
8
8
8
8
8
