4
4
5
5
5
8
8
8
3
3
3
7
1
1
1
7
7
7
8
0
4
6
6
6
3
3
3
6
0
4
4
1
1
1
3
1
1
4
4
4
4
4
4
4
8
8
3
0
4
8
2
1
4
4
4
4
4
3
2
2
6
7
8
5
5
0
0
4
4
8
8
8
3
3
3
8
8
3
8
3
4
4
0
4
3
5
5
5
4
5
2
2
8
8
8
8
8
8
8
8
8
8
8
3
5
2
2
2
3
2
2
8
8
3
4
8
3
2
8
8
3
5
4
4
4
3
3
2
2
2
8
8
8
8
3
7
1
0
8
3
2
2
2
6
8
8
8
3
2
2
8
8
3
8
8
8
8
3
2
8
8
8
3
2
8
8
3
8
8
8
8
8
3
6
6
1
1
1
1
1
1
6
6
3
8
6
8
8
3
2
3
6
5
8
8
8
3
8
8
8
8
8
8
8
8
8
3
2
8
3
2
3
2
8
8
3
2
8
8
8
8
8
8
8
8
8
8
8
8
8
8
8
8
8
8
8
8
8
8
8
8
8
8
8
8
8
8
8
8
8
8
8
8
8
8
8
8
8
8
8
8
8
8
8
8
8
8
8
8
8
8
8
8
8
8
8
8
8
8
8
8
8
8
8
8
8
8
8
8
8
8
8
8
8
8
8
8
8
8
8
8
8
8
8
8
8
8
8
8
8
8
8
8
8
8
8
8
8
8
8
8
8
8
8
8
8
8
8
8
8
8
8
8
8
8
8
8
8
8
8
8
8
8
8
8
8
8
8
8
8
8
8
8
8
8
8
8
8
8
8
8
8
8
8
8
8
8
8
8
8
8
8
8
8
8
8
8
8
8
8
8
8
8
8
8
8
8
8
8
8
8
8
8
8
8
8
8
8
8
8
8
8
8
8
8
8
8
8
8
8
8
8
8
8
8
8
8
8
8
8
8
8
8
8
8
8
8
8
8
8
8
8
8
8
8
8
8
8
8
8
8
8
8
8
8
8
8
8
8
8
8
8
8
8
8
8
8
8
8
8
8
8
8
8
8
8
8
8
8
8
8
8
8
8
8
8
