1
1
3
3
0
0
0
0
8
8
8
6
6
6
1
1
1
1
6
1
6
1
1
1
3
3
3
6
6
6
1
1
1
8
8
7
6
3
1
1
6
1
1
1
1
1
6
6
6
8
8
8
6
1
1
1
3
3
5
3
3
3
5
5
1
3
3
6
6
3
1
1
1
2
3
2
2
0
8
6
8
8
2
6
1
1
8
6
8
6
6
6
8
8
0
0
8
6
8
3
1
3
8
4
0
8
8
4
4
4
7
7
7
7
6
1
8
8
3
5
5
0
8
4
7
7
7
7
6
6
1
8
8
8
6
6
8
8
8
8
4
8
4
4
8
4
8
8
8
4
8
8
8
6
8
3
1
1
6
8
3
5
1
1
1
3
5
1
1
6
1
3
1
8
6
8
6
8
8
6
1
6
1
1
8
8
8
8
8
8
8
6
1
8
4
8
6
8
8
8
8
8
8
8
8
8
8
8
8
8
8
8
8
8
4
8
8
8
8
8
8
8
8
8
8
8
8
8
8
8
8
8
8
8
8
8
8
8
8
6
1
8
8
8
8
8
8
8
8
8
8
8
8
8
8
8
8
8
8
8
8
8
8
8
8
8
8
8
8
8
8
8
8
8
8
8
8
8
8
8
8
8
8
8
8
8
8
8
8
8
8
8
8
8
8
8
8
8
8
8
8
8
8
8
8
8
8
8
8
8
8
8
8
8
8
8
8
8
8
8
8
8
8
8
8
8
8
8
8
8
8
8
8
8
8
8
8
8
8
8
8
8
8
8
8
8
8
8
8
8
8
8
8
8
8
8
8
8
8
8
8
8
8
8
8
8
8
8
8
8
8
8
8
8
8
8
8
8
8
8
8
8
8
8
8
8
8
8
8
8
8
8
8
8
8
8
8
8
8
8
8
8
8
8
8
8
8
8
8
8
8
8
8
8
8
8
8
8
8
8
8
8
8
8
8
8
8
8
8
8
8
8
8
8
8
8
8
8
8
8
8
8
8
8
8
8
8
8
8
8
8
8
8
8
8
8
8
8
8
8
8
8
8
8
8
8
8
8
8
8
8
8
8
8
8
8
