2
2
5
6
6
6
3
3
2
2
2
8
7
0
1
1
8
5
5
5
3
3
5
0
8
8
8
6
6
6
3
3
3
2
2
0
0
8
7
4
4
4
4
3
3
3
1
4
4
4
4
4
4
1
1
1
1
3
8
1
1
4
2
7
8
8
8
6
6
3
8
8
8
1
6
2
5
5
5
6
6
5
5
6
6
6
2
2
4
3
2
8
8
8
5
8
5
3
5
6
6
6
8
8
8
6
6
8
8
6
3
3
3
8
8
8
8
8
8
8
8
8
8
8
8
8
8
8
8
6
5
8
8
8
8
6
0
1
6
6
2
2
2
4
1
1
2
5
8
8
8
8
8
8
8
8
1
0
5
5
6
2
2
3
8
8
8
8
8
8
1
1
1
8
8
8
8
8
8
8
8
8
8
8
8
8
8
8
8
1
3
8
8
8
8
8
8
8
8
8
8
8
1
3
3
5
6
0
6
2
2
2
0
3
6
8
8
8
8
8
8
8
8
8
8
8
8
8
8
8
8
8
8
8
8
8
8
8
8
8
8
8
8
8
8
8
8
8
8
8
8
8
8
8
8
8
8
8
8
8
8
8
8
8
8
8
8
8
8
8
8
8
8
8
8
8
8
8
8
8
8
8
8
8
8
8
8
8
8
8
8
8
8
8
8
8
8
8
8
8
8
8
8
8
8
8
8
8
8
8
8
8
8
8
8
8
8
8
8
8
8
8
8
8
8
8
8
8
8
8
8
8
8
8
8
8
8
8
8
8
8
8
8
8
8
8
8
8
8
8
8
8
8
8
8
8
8
8
8
8
8
8
8
8
8
8
8
8
8
8
8
8
8
8
8
8
8
8
8
8
8
8
8
8
8
8
8
8
8
8
8
8
8
8
8
8
8
8
8
8
8
8
8
8
8
8
8
8
8
8
8
8
8
8
8
8
8
8
8
8
8
8
8
8
8
8
8
8
8
8
8
8
8
8
8
8
8
8
8
8
8
8
8
8
8
8
8
8
8
8
8
8
8
8
8
8
8
8
8
8
8
8
8
8
8
8
8
8
8
8
8
8
8
8
8
8
