5
5
5
5
5
5
1
1
1
6
6
6
3
3
3
5
5
5
1
1
1
7
0
4
2
2
2
2
2
3
3
3
0
2
4
6
3
8
8
8
2
3
7
6
6
6
5
5
5
6
4
5
5
5
6
5
5
5
5
8
8
8
2
2
2
1
1
3
3
3
1
1
1
8
4
4
4
3
5
8
8
8
2
3
3
8
4
3
7
7
7
8
2
3
3
8
8
8
7
5
5
8
8
8
2
2
3
8
1
1
1
1
8
7
7
7
8
8
0
7
7
8
8
6
3
8
8
8
4
3
3
8
2
2
2
3
8
6
5
8
2
2
3
8
8
2
2
3
8
6
3
8
3
8
8
8
2
8
8
2
4
5
8
2
2
8
6
1
4
0
3
2
2
2
2
8
2
6
8
8
2
2
2
3
8
8
2
8
2
1
8
8
2
1
1
8
8
2
6
5
6
5
5
8
8
8
2
1
1
1
8
2
2
2
2
2
1
3
5
8
6
8
8
2
2
8
8
8
2
3
8
2
8
2
8
8
2
2
2
8
2
8
2
2
2
2
2
2
2
2
2
2
2
8
2
2
2
2
2
8
2
2
2
2
2
2
2
2
2
2
2
2
2
2
2
2
2
2
2
2
2
2
2
2
2
2
2
2
2
2
8
2
2
2
2
2
2
2
2
8
2
2
2
8
8
2
2
2
2
2
2
2
2
2
2
2
2
2
2
2
8
2
2
2
2
2
2
8
2
2
2
2
2
2
2
2
2
2
2
2
2
2
2
2
2
2
2
2
2
2
2
2
2
2
2
2
2
2
2
2
2
2
2
2
2
2
2
2
2
2
2
2
2
2
2
2
2
2
2
2
2
2
8
2
2
2
2
2
8
2
2
2
2
2
2
2
2
2
2
2
2
8
2
2
2
2
2
2
2
2
8
2
2
2
2
2
2
2
2
2
2
2
2
2
2
2
2
2
2
2
2
2
2
2
2
2
2
2
2
2
2
2
2
2
2
2
2
2
2
2
2
2
2
2
2
2
2
2
2
2
2
2
2
2
2
2
2
2
2
2
2
2
2
2
2
2
