8
7
4
4
8
0
1
3
6
5
8
8
6
4
6
4
3
7
4
4
5
8
8
8
8
8
8
0
0
0
0
0
5
1
1
1
7
4
4
8
8
8
0
7
7
2
5
1
1
5
2
2
2
5
7
7
4
3
3
8
3
3
3
8
8
8
2
2
8
8
8
8
2
4
8
8
8
8
8
7
7
7
1
8
6
1
1
1
8
8
8
0
0
0
0
8
2
8
8
6
1
1
1
2
2
7
2
8
8
8
8
8
2
2
7
8
8
8
0
8
2
5
8
8
8
8
8
8
8
8
8
8
8
8
8
8
8
2
7
7
8
2
2
8
8
8
8
8
8
8
8
8
8
8
8
8
8
8
2
2
2
8
8
8
8
2
2
2
2
2
2
2
2
2
5
7
7
7
8
2
2
2
6
6
1
1
8
2
2
8
2
2
2
2
2
2
2
2
2
2
2
2
2
2
2
2
2
2
2
2
2
2
2
2
2
2
2
2
2
2
2
2
2
2
2
2
2
2
2
2
2
2
2
2
2
2
2
2
2
2
2
2
2
2
2
2
2
2
2
2
2
2
2
2
2
8
2
2
8
2
2
2
2
2
2
2
2
2
2
2
2
2
2
2
2
2
8
2
2
2
2
2
8
8
2
2
2
2
2
8
2
2
2
2
2
2
2
2
2
2
2
2
2
2
2
2
2
2
2
2
2
2
2
2
2
2
8
2
2
8
2
2
2
2
2
2
2
2
2
2
2
2
2
2
2
2
2
2
2
2
2
2
2
2
2
2
2
2
2
2
2
2
2
2
2
2
2
2
2
2
2
2
