4
7
4
1
1
5
3
7
2
2
5
6
5
4
4
6
8
5
5
4
4
6
7
6
2
0
7
7
3
8
8
8
8
8
8
6
8
8
6
6
6
3
7
6
6
6
1
1
1
4
2
2
2
4
2
2
2
8
8
5
8
8
8
8
8
6
8
7
6
3
3
8
8
8
4
4
2
8
1
1
1
0
3
1
4
2
3
5
5
5
8
1
3
8
1
0
3
8
8
1
7
8
4
4
2
6
3
3
6
8
6
8
8
8
1
1
1
4
3
8
1
5
8
1
6
8
8
8
8
1
1
1
4
2
4
2
2
2
6
1
1
1
4
8
8
8
8
8
8
1
1
8
8
8
8
6
2
2
2
6
8
8
8
8
8
8
8
8
8
8
8
8
8
8
8
8
8
8
8
8
8
8
8
8
8
8
8
8
8
8
8
8
8
8
8
8
8
8
8
8
8
8
8
8
8
8
8
8
8
8
8
8
8
8
8
8
8
8
8
8
8
8
8
8
8
8
8
8
8
8
8
8
8
8
8
8
8
8
8
8
8
8
8
8
8
8
8
8
8
8
8
8
8
8
8
8
8
8
8
8
8
8
8
8
8
8
8
8
8
8
8
8
8
8
8
8
8
8
8
8
8
8
8
8
8
8
8
8
8
8
8
8
8
8
8
8
8
8
8
8
8
8
8
8
8
8
8
8
8
8
8
8
8
8
8
8
8
8
8
8
8
8
8
8
8
8
8
8
8
8
8
8
8
8
8
8
8
8
8
8
8
8
8
8
8
8
8
8
8
8
8
8
8
8
8
8
8
8
8
8
8
8
