6
5
0
7
1
1
3
7
1
4
7
1
7
6
7
1
7
3
7
3
7
1
4
4
7
3
7
6
7
6
7
3
7
4
7
4
7
4
7
1
7
4
7
8
7
4
7
3
7
1
3
4
8
4
2
3
6
3
5
8
5
1
7
4
7
3
7
8
7
3
7
1
7
6
7
5
7
1
7
1
7
8
7
3
7
6
7
8
7
1
7
3
7
5
7
4
7
5
7
8
7
4
7
4
7
8
7
5
7
4
7
8
7
4
7
8
7
5
7
5
7
6
7
2
7
6
7
5
7
4
7
5
7
8
7
5
7
5
7
4
7
4
7
8
7
4
7
5
7
3
7
5
7
5
7
0
7
0
7
0
7
0
7
0
7
0
7
0
7
4
7
4
7
5
4
0
8
0
8
0
5
0
5
0
8
0
4
0
8
0
2
0
8
0
5
0
5
0
4
0
8
0
8
0
4
0
8
0
6
0
6
0
8
0
8
4
5
8
8
5
6
2
6
4
0
4
0
8
0
5
8
5
7
0
7
0
7
0
7
0
7
0
7
0
7
0
7
0
7
0
7
0
7
0
7
0
7
0
7
0
7
0
7
0
7
0
7
0
7
4
7
5
7
5
7
5
7
4
7
8
7
8
7
5
7
0
4
0
6
0
3
0
5
0
8
0
3
0
4
0
5
0
5
0
4
0
5
0
5
0
4
0
2
0
5
0
4
0
6
0
4
0
2
0
5
4
5
5
6
3
6
4
5
6
5
2
6
4
6
5
8
0
5
0
8
0
5
0
4
0
6
0
5
0
5
