8
5
0
7
1
3
7
2
1
3
1
1
5
1
1
1
6
2
6
3
2
4
5
3
2
5
7
3
7
3
4
5
4
5
5
4
2
6
4
3
4
6
7
6
4
5
3
7
8
7
4
7
1
7
5
7
6
7
4
7
0
7
0
7
0
7
0
4
0
7
0
7
4
7
5
7
6
4
7
4
7
3
7
8
7
8
7
6
7
2
7
6
7
5
7
1
7
8
7
0
7
0
7
0
7
0
7
0
7
0
7
4
7
4
7
0
7
0
7
0
7
0
7
0
7
0
3
0
5
0
6
0
3
0
5
0
6
0
1
0
3
0
3
0
8
0
5
3
8
6
3
8
5
6
8
0
5
0
6
0
5
0
5
0
1
0
8
0
8
0
8
0
5
0
5
0
8
0
6
0
8
0
6
0
8
0
4
0
6
3
6
8
5
6
7
2
7
2
7
8
7
5
7
8
7
3
7
8
7
8
7
5
7
4
7
5
7
6
7
4
7
2
7
0
7
0
7
0
7
0
7
0
7
0
7
0
7
0
7
0
4
0
5
0
8
0
8
0
2
0
5
0
8
0
4
0
4
0
8
0
5
0
5
0
4
0
2
0
8
0
4
0
4
0
5
0
4
0
4
0
8
0
4
0
8
0
8
0
4
4
4
0
4
0
8
0
4
3
5
7
6
7
4
7
4
7
5
7
4
7
2
7
4
7
0
7
0
7
4
7
4
7
4
7
5
7
8
7
1
7
3
7
4
7
6
7
5
7
6
7
6
7
5
7
5
7
6
7
6
7
5
7
2
7
5
