4
4
0
7
0
7
1
7
0
7
0
8
0
1
0
7
4
7
0
7
0
8
0
7
3
7
0
7
0
6
0
7
0
7
0
7
0
7
0
7
0
7
0
7
0
7
0
7
0
7
0
7
0
2
0
5
0
5
0
5
0
5
0
5
0
6
0
1
0
8
0
2
0
5
0
7
0
7
0
7
0
7
0
7
0
7
0
7
0
7
0
7
0
7
0
7
0
7
0
7
0
7
0
7
0
7
0
7
0
7
0
7
0
7
0
7
0
7
0
7
0
7
0
7
0
7
0
7
0
7
0
7
0
7
0
7
0
7
0
7
0
7
0
7
0
7
0
7
0
7
0
7
0
7
0
7
0
7
0
7
0
7
0
7
0
7
0
7
0
7
0
7
0
7
0
7
0
7
0
7
0
7
0
7
0
7
0
5
0
5
0
5
0
8
0
5
0
5
0
5
0
6
0
5
0
5
0
6
0
6
0
6
0
5
0
5
0
6
0
5
0
5
0
6
0
6
0
5
0
5
0
6
0
6
0
5
0
6
0
5
0
5
0
5
0
6
0
5
0
6
0
5
0
5
0
4
0
4
0
5
0
6
0
5
0
5
0
5
0
5
0
5
0
6
0
6
0
6
0
4
0
4
0
8
0
5
0
6
0
6
0
6
0
6
0
4
0
8
0
6
0
6
0
5
0
6
0
5
0
5
0
6
0
6
0
6
0
5
0
5
0
6
0
6
0
5
0
5
0
6
0
4
0
5
0
5
0
5
0
5
0
8
0
8
0
5
0
5
0
5
0
5
0
5
0
5
0
5
0
5
0
5
0
6
0
8
0
6
0
5
0
5
0
5
0
5
0
6
0
5
0
5
6
7
5
7
5
7
4
7
8
7
8
7
5
7
5
7
4
7
4
7
2
6
5
6
7
6
7
8
7
5
7
4
7
4
7
5
7
6
7
4
7
5
7
2
7
5
7
5
7
5
7
5
7
5
7
8
7
8
7
5
7
0
7
0
7
0
7
0
7
0
7
0
7
0
7
0
7
0
7
0
7
0
7
0
7
0
