8
1
7
0
8
7
0
7
3
0
7
6
7
0
7
0
1
0
3
6
0
7
0
7
0
7
6
7
0
7
0
7
0
7
0
7
0
7
4
7
0
7
0
7
0
7
5
7
1
7
0
7
0
7
0
7
3
7
5
7
5
7
5
7
5
7
5
7
4
7
3
7
5
7
5
7
6
7
0
7
0
7
0
7
0
7
6
7
5
7
5
7
2
7
5
7
5
7
5
7
5
7
6
7
8
7
5
7
5
7
6
7
1
6
3
6
5
1
5
4
5
6
5
6
2
6
5
6
5
2
5
8
5
0
8
0
8
0
6
0
4
0
6
0
5
0
5
0
4
0
5
0
5
0
5
0
5
0
5
0
5
0
8
0
6
0
5
0
6
0
4
0
5
0
8
0
2
0
4
0
4
0
1
0
3
0
5
0
5
0
5
0
5
0
5
0
8
0
8
0
5
0
6
0
4
0
5
0
5
0
5
0
5
0
4
0
5
0
2
0
6
0
5
0
5
0
5
0
4
0
6
0
8
0
7
0
7
0
7
0
7
0
7
0
7
0
7
0
7
0
7
0
7
0
7
0
7
0
7
0
7
0
7
0
7
0
7
0
7
0
7
0
7
0
7
0
7
0
7
0
7
0
7
0
7
0
7
0
7
0
7
0
7
0
7
0
7
0
7
0
7
0
7
0
7
0
7
0
7
0
7
0
7
0
7
0
7
0
7
0
7
0
7
0
7
0
7
0
7
0
7
0
7
0
7
0
7
0
7
0
7
0
7
0
7
0
7
0
7
0
7
0
7
0
7
0
7
0
7
0
7
0
7
0
7
0
7
0
7
0
7
0
7
0
7
0
7
0
7
0
7
0
7
0
7
0
7
0
7
0
7
0
7
0
7
0
7
0
7
0
7
0
7
0
7
0
7
0
7
0
7
0
7
0
7
0
7
0
7
0
7
0
7
0
7
0
7
0
7
0
7
0
7
0
7
0
7
0
7
0
7
0
7
0
7
0
7
0
7
0
7
0
7
0
7
0
7
0
7
0
7
0
7
0
7
0
7
0
