6
2
0
4
6
0
3
0
6
0
6
0
0
3
0
2
0
6
0
3
0
6
0
1
0
3
0
3
0
4
0
4
0
3
3
1
0
3
0
7
0
7
0
4
0
7
0
1
0
3
0
7
0
7
0
7
0
7
0
7
6
7
0
7
0
3
0
6
0
7
0
7
0
7
0
7
0
7
0
7
0
7
0
7
0
7
0
7
0
7
0
7
0
7
0
7
0
7
0
7
0
7
0
7
0
7
0
7
0
7
0
7
0
7
0
7
0
7
0
7
0
7
0
7
0
7
0
7
0
7
0
7
0
7
0
7
0
7
0
7
0
7
0
7
0
7
0
7
0
7
0
7
0
7
0
7
0
7
6
7
6
7
5
7
5
7
5
7
4
7
6
7
8
7
6
7
5
7
5
7
5
7
5
7
5
7
6
7
6
7
6
7
6
7
5
7
5
7
5
7
5
7
4
7
8
7
4
7
4
7
4
7
4
7
8
7
2
7
6
7
5
7
5
7
4
7
8
7
5
7
4
7
4
7
5
7
5
7
5
7
6
7
5
7
4
7
5
7
5
7
4
7
5
7
4
7
5
7
5
7
5
7
4
7
5
7
2
7
4
7
5
7
4
7
6
7
4
7
5
6
0
6
0
5
0
6
0
5
0
5
0
5
0
8
0
6
0
4
0
6
0
6
0
4
0
4
0
4
0
4
0
5
0
1
0
1
0
2
0
4
0
4
0
6
0
4
0
5
0
5
0
5
0
5
0
8
0
8
0
2
0
5
0
8
0
2
0
7
0
7
0
7
0
7
0
7
0
7
0
7
0
7
0
7
0
7
0
7
0
7
0
7
0
7
0
7
0
7
0
5
0
5
0
6
0
6
0
8
0
6
0
8
0
4
0
5
6
8
6
0
8
0
8
0
2
0
4
0
6
0
5
0
5
0
5
0
5
0
4
0
5
0
4
0
8
0
5
0
5
0
5
0
7
0
7
0
7
0
7
0
7
0
7
0
7
0
7
0
7
0
7
0
7
0
7
0
7
0
7
0
7
0
7
0
7
0
7
0
