8
0
7
3
0
7
0
7
0
3
0
7
0
4
0
7
6
7
0
7
0
7
0
7
0
7
0
7
0
7
0
7
2
7
0
7
8
5
2
8
5
2
8
0
2
0
5
0
5
0
6
0
6
0
7
0
7
0
7
0
7
8
0
6
0
5
0
5
0
8
0
3
0
5
8
8
0
7
0
7
0
7
0
7
0
7
5
0
2
0
4
0
5
0
0
4
0
4
0
2
0
4
0
1
0
2
0
2
0
2
0
7
0
7
0
7
0
7
0
7
0
7
0
7
0
7
0
7
0
7
0
7
0
7
0
7
0
7
0
7
0
7
0
7
0
7
0
7
0
7
0
7
0
7
0
7
0
7
0
7
0
7
0
7
0
7
0
7
4
7
5
7
5
0
2
0
7
0
7
0
7
0
7
0
7
0
7
0
7
0
7
0
7
0
7
0
7
0
7
0
7
0
7
0
7
6
7
0
7
0
7
0
7
0
7
0
7
0
7
0
7
0
7
0
7
0
7
0
7
0
7
0
7
0
7
0
7
0
7
0
7
0
7
0
7
0
7
0
7
0
7
0
7
0
7
0
7
0
7
0
7
0
7
0
7
0
7
0
7
0
7
0
7
0
7
0
7
0
7
0
7
0
7
0
7
0
7
0
7
0
7
0
7
0
7
0
7
0
7
0
7
0
7
0
7
0
7
0
7
0
7
0
7
0
7
0
7
0
7
8
7
0
7
6
7
0
7
0
7
0
7
0
7
0
7
0
7
0
7
0
7
5
7
8
7
8
7
8
7
0
7
0
7
0
7
