5
5
8
8
8
4
8
8
8
8
8
8
7
6
6
6
5
8
1
1
4
7
7
7
4
0
1
1
7
8
8
7
7
7
1
1
8
8
8
8
8
7
7
1
1
8
8
8
4
7
7
7
8
5
7
8
8
8
2
2
2
1
7
7
7
4
7
8
8
8
8
8
7
7
5
0
0
5
5
5
7
8
8
8
5
5
5
5
5
8
3
3
8
8
6
6
3
8
3
3
8
8
8
5
1
3
8
8
8
8
1
8
8
8
8
8
6
3
8
8
8
8
8
8
8
8
3
8
8
8
5
5
5
5
5
5
4
5
5
5
5
5
8
5
8
8
8
8
1
1
8
8
8
8
8
8
8
8
5
5
5
8
5
5
5
8
8
8
3
7
7
8
8
8
8
8
8
8
8
8
5
5
5
8
8
5
8
8
8
5
8
8
8
5
5
5
8
5
5
5
8
8
5
8
5
8
8
5
8
8
8
8
5
5
5
8
8
5
8
8
5
5
5
8
5
8
8
8
5
8
5
8
8
5
8
5
8
5
5
8
5
5
8
8
5
8
5
8
5
5
8
8
5
8
8
8
5
8
8
8
5
8
8
5
8
8
8
8
8
8
5
8
8
8
8
5
5
5
8
8
8
5
8
5
5
8
8
5
8
5
5
5
8
5
8
8
5
8
8
5
8
8
8
5
8
5
5
8
5
8
8
8
5
5
8
5
5
8
8
5
8
5
8
5
8
5
5
5
8
5
8
8
5
8
5
8
5
8
5
8
8
5
8
5
8
5
8
8
8
5
5
8
5
8
5
8
8
8
5
8
5
5
