5
5
5
8
8
8
6
7
8
8
8
3
5
5
8
8
8
6
6
6
2
2
2
0
2
2
2
8
0
0
1
7
7
7
3
3
2
5
8
6
6
8
4
0
0
0
1
0
0
0
2
2
2
7
7
3
2
6
8
0
2
2
2
8
6
8
8
8
4
5
5
5
3
1
4
0
0
0
8
8
8
8
8
1
7
7
7
7
7
4
3
2
2
2
8
8
8
8
8
7
7
7
5
5
3
8
8
1
6
6
6
1
1
1
1
4
1
1
1
6
6
8
8
8
3
2
2
8
1
8
8
6
4
0
0
8
8
4
2
2
2
1
1
1
8
8
8
8
8
8
8
8
8
6
0
0
0
3
3
2
2
8
8
8
8
8
8
3
2
2
2
8
8
8
8
8
8
8
2
6
2
2
2
8
8
8
2
2
2
8
2
8
0
0
0
2
2
2
2
2
2
2
2
2
8
2
2
2
2
2
2
2
2
2
2
2
8
2
2
2
2
2
2
2
2
2
2
2
2
2
2
2
2
2
2
2
2
2
2
2
2
2
2
2
2
2
2
2
2
2
2
2
2
2
2
2
2
2
2
2
2
2
2
2
2
2
2
2
2
2
2
2
2
2
2
2
2
2
2
2
2
2
2
2
8
2
2
2
2
2
2
2
2
2
2
2
2
2
2
2
2
2
2
2
2
2
2
8
2
2
2
2
2
2
2
2
2
2
2
2
2
2
2
2
2
2
2
2
2
2
2
2
2
2
2
2
2
2
8
2
2
2
2
2
2
2
2
2
2
2
2
2
2
2
2
2
2
2
2
2
2
2
