1
1
8
8
8
2
2
2
4
4
8
2
3
0
5
8
2
2
5
4
5
5
5
5
4
1
1
1
7
1
8
8
8
2
2
2
5
8
8
0
0
0
2
4
7
7
1
1
5
5
5
8
4
1
1
1
5
5
5
7
7
7
7
1
1
1
5
5
5
8
4
8
8
8
2
2
2
5
8
8
8
3
0
0
6
0
1
1
8
8
8
8
8
8
8
8
8
4
1
1
1
4
8
8
2
5
5
5
5
5
5
8
2
2
2
3
0
0
7
6
1
5
5
5
8
2
2
8
2
0
2
4
1
8
8
2
2
2
2
2
2
2
6
6
7
5
8
8
8
8
3
0
2
2
2
3
1
1
5
5
8
8
8
2
5
5
8
8
8
2
1
8
8
2
2
3
8
2
2
2
5
8
8
2
2
2
5
8
8
8
2
5
8
8
2
2
2
2
2
2
2
2
2
2
2
2
2
2
2
2
2
2
2
2
2
2
2
2
2
2
2
2
2
8
2
2
2
2
2
2
2
2
2
2
2
2
2
2
2
2
2
2
2
2
2
2
2
2
2
2
2
2
2
2
2
2
2
2
2
2
2
2
2
2
2
2
2
2
2
2
2
2
2
2
2
2
2
2
2
2
2
2
2
2
2
2
2
2
2
2
2
2
2
2
2
2
2
2
2
2
2
2
8
2
2
2
2
2
2
2
8
2
2
2
2
2
2
2
2
2
2
2
2
2
2
2
2
2
2
2
2
8
2
2
2
2
2
2
2
2
2
2
2
2
2
2
2
2
2
2
2
2
2
2
2
2
2
2
2
2
2
2
