5
5
7
7
7
7
7
7
5
5
5
3
3
0
2
5
5
4
3
3
3
3
4
5
5
5
8
8
8
3
3
0
0
1
0
0
0
7
5
5
0
0
8
8
3
4
5
5
5
1
1
1
3
3
3
5
5
8
7
7
7
5
5
8
8
5
8
8
8
8
8
8
2
4
5
5
5
3
7
7
3
5
5
5
3
3
5
5
5
8
5
7
0
0
0
2
6
7
3
3
5
5
8
8
5
8
8
8
8
8
2
2
2
8
8
2
2
2
0
0
0
5
5
5
8
8
3
5
8
8
2
2
2
7
7
8
8
8
2
2
2
8
2
2
2
5
8
8
2
2
8
2
5
8
8
8
8
2
8
8
2
8
8
8
2
2
2
8
8
2
2
4
7
7
7
5
5
8
8
2
8
2
2
3
5
8
8
2
2
2
0
0
0
8
2
2
0
8
2
2
2
0
0
8
8
8
2
2
0
8
2
0
7
5
8
8
8
8
8
2
0
0
8
8
8
8
2
0
8
2
0
8
8
2
2
0
8
8
2
0
8
2
2
0
8
2
0
8
8
8
8
8
2
2
0
8
8
2
0
0
8
8
8
2
2
2
0
8
8
8
2
2
0
8
8
2
2
2
0
8
8
2
0
8
2
2
0
8
8
8
2
0
0
8
8
8
2
8
2
0
8
8
2
0
0
8
8
2
5
5
8
2
0
8
8
8
2
0
8
8
2
0
8
2
0
8
8
2
2
2
0
8
8
2
0
8
2
0
8
2
2
2
0
8
2
0
8
8
2
0
8
2
0
8
2
0
0
8
2
2
0
8
