8
8
8
0
0
0
8
8
8
5
5
5
2
2
2
3
3
4
4
0
3
2
6
6
1
1
1
1
6
6
8
8
8
7
8
8
8
4
6
6
8
8
5
3
3
1
6
6
6
8
8
2
2
2
8
5
5
0
0
0
4
4
6
6
4
6
6
6
8
8
4
6
6
6
8
8
8
0
0
6
6
6
8
4
6
6
8
8
8
3
3
1
3
3
8
8
8
7
3
3
8
6
2
2
2
8
8
8
7
6
8
8
8
8
5
2
2
2
7
7
2
2
2
5
5
5
8
8
6
0
8
2
8
8
0
4
6
8
8
8
8
8
8
2
8
5
5
5
0
0
6
8
8
8
8
8
8
8
8
8
8
8
8
8
8
8
8
8
8
1
1
6
6
6
8
0
0
0
6
5
2
2
8
8
8
0
6
8
8
8
0
6
8
0
0
6
6
8
0
6
8
0
0
6
8
8
0
6
6
6
8
8
8
0
6
8
0
0
6
8
0
0
6
8
8
6
8
6
8
6
6
6
8
6
6
6
8
6
8
6
6
6
8
6
8
8
8
6
6
6
8
6
6
8
6
6
6
8
6
8
8
6
6
8
6
6
8
6
6
8
6
6
8
6
8
8
6
8
6
6
6
8
6
8
6
6
6
8
6
8
6
6
6
8
6
8
6
8
8
8
6
6
8
6
6
8
8
6
8
8
8
6
6
6
8
6
6
8
6
6
6
8
8
6
8
6
6
8
6
8
6
8
6
6
8
6
6
6
8
6
6
6
8
6
6
8
6
8
6
8
6
6
8
8
6
6
8
6
6
8
8
6
