7
4
1
8
2
5
0
2
2
2
4
1
3
1
3
0
5
0
4
0
5
0
6
0
7
0
3
0
7
0
7
1
7
0
7
0
7
0
7
0
7
0
7
0
7
0
7
0
7
0
7
0
7
4
7
8
7
3
7
0
7
0
7
0
7
0
7
0
7
0
7
0
7
0
7
0
7
0
7
0
7
0
7
0
7
0
7
0
7
0
7
0
7
0
7
0
7
0
7
0
7
0
7
0
4
0
3
0
3
0
5
4
1
5
6
3
4
6
4
4
6
5
4
5
6
8
5
3
2
4
8
4
0
6
0
4
0
4
0
4
0
5
0
5
0
8
0
6
0
4
0
6
0
6
0
6
0
6
0
5
0
6
0
6
0
6
0
6
0
6
0
6
0
6
0
6
0
6
0
6
0
5
0
5
0
6
0
6
0
6
0
6
0
6
0
5
0
6
0
6
0
6
0
6
0
6
0
4
0
6
0
5
0
6
0
6
0
6
0
6
0
6
0
5
0
8
0
6
0
6
0
5
0
5
0
6
0
6
0
6
0
6
0
2
0
6
0
8
0
6
0
6
0
4
0
6
0
5
0
6
0
6
0
6
0
4
0
5
0
8
0
5
0
5
0
4
0
6
0
6
0
6
0
5
0
5
0
6
0
5
0
4
0
6
0
6
0
6
0
6
0
5
0
6
0
8
0
6
0
6
0
6
0
6
0
6
0
6
0
6
0
6
0
6
0
5
0
5
0
5
0
5
0
6
0
6
0
6
0
4
0
6
0
5
0
8
0
6
0
6
0
6
0
6
0
