0
0
4
4
7
6
6
6
3
5
5
5
2
2
2
0
0
0
1
5
5
5
4
4
4
6
6
6
7
7
4
4
4
2
2
2
7
4
4
4
0
1
8
5
5
5
4
7
7
7
2
2
2
2
2
2
7
3
8
8
8
6
0
0
8
4
4
4
6
2
8
8
8
8
5
2
8
4
0
8
8
8
8
8
1
7
2
2
2
3
5
3
3
4
6
6
6
5
5
5
8
8
8
4
5
4
2
2
2
8
8
8
4
4
6
6
3
3
7
2
2
2
0
8
8
8
8
8
8
8
5
5
5
4
4
8
7
4
8
8
8
8
4
4
4
8
8
8
8
8
8
4
4
6
6
6
3
4
6
7
8
8
8
8
8
8
8
8
8
5
5
4
4
4
2
2
3
4
4
0
3
4
4
8
8
8
8
8
8
8
4
8
8
8
8
8
8
8
8
8
8
8
8
8
8
8
8
8
8
8
8
8
8
8
8
8
8
8
8
8
8
8
8
8
8
8
8
8
8
8
8
8
8
8
8
8
8
8
8
8
8
8
8
8
8
8
8
8
8
8
8
8
8
8
8
8
8
8
8
8
8
8
8
8
8
8
8
8
8
8
8
8
8
8
8
8
8
8
8
8
8
8
8
8
8
8
8
8
8
8
8
8
8
8
8
8
8
8
8
8
8
8
8
8
8
8
8
8
8
8
8
8
8
8
8
8
8
8
8
8
8
8
8
8
8
8
8
8
8
8
8
8
8
8
8
8
8
8
8
8
8
8
8
8
8
8
8
8
8
8
8
8
8
8
8
8
8
8
8
8
8
8
8
8
8
8
8
8
8
8
8
8
8
8
8
8
8
8
8
8
8
8
8
8
8
8
8
8
8
8
8
8
8
8
8
8
8
8
8
8
8
8
8
8
8
8
8
8
8
8
8
8
8
8
8
8
8
8
8
8
8
8
8
8
8
8
8
8
8
8
8
8
8
8
8
8
8
8
8
8
8
8
8
8
8
8
8
8
8
8
8
8
8
8
8
8
8
8
8
8
8
8
8
8
8
8
8
8
8
8
8
8
8
8
8
8
