3
3
2
2
2
6
6
1
4
4
4
4
4
4
0
6
6
6
4
8
8
8
7
4
8
8
8
5
5
1
0
3
3
2
2
2
3
3
7
7
7
0
2
3
2
2
2
8
1
7
7
7
2
2
2
8
6
6
1
5
5
5
2
2
2
8
8
3
2
8
2
2
5
2
5
5
8
8
2
8
8
8
8
8
8
8
2
8
8
0
6
6
6
5
5
5
5
5
7
8
8
4
8
8
8
4
1
1
1
7
7
7
8
8
8
4
2
2
2
8
8
8
8
8
8
8
8
8
8
8
4
4
8
8
8
8
8
8
3
3
2
2
2
2
2
2
2
8
8
8
4
4
8
8
8
8
8
8
8
8
8
8
8
8
8
8
8
8
8
8
8
8
8
8
8
8
8
8
8
8
8
8
8
8
8
8
8
8
8
8
8
8
8
8
8
8
8
8
8
8
8
8
8
8
8
8
8
8
8
8
8
8
8
8
8
8
8
8
8
8
8
8
8
8
8
8
8
8
8
8
8
8
8
8
8
8
8
8
8
8
8
8
8
8
8
8
8
8
8
8
8
8
8
8
8
8
8
8
8
8
8
8
8
8
8
8
8
8
8
8
8
8
8
8
8
8
8
8
8
8
8
8
8
8
8
8
8
8
8
8
8
8
8
8
8
8
8
8
8
8
8
8
8
8
8
8
8
8
8
8
8
8
8
8
8
8
8
8
8
8
8
8
8
8
8
8
8
8
8
8
8
8
8
8
8
8
8
8
8
8
8
8
8
8
8
8
8
8
8
8
8
8
8
8
8
8
8
8
8
8
8
8
8
8
8
8
8
8
8
8
8
8
8
8
8
8
8
8
8
8
8
8
8
8
8
8
8
8
8
8
8
8
8
8
8
8
8
8
8
8
8
8
8
8
8
8
8
8
8
8
8
8
8
8
8
8
8
8
8
8
8
8
8
8
8
8
8
8
8
8
8
8
8
8
8
8
8
8
8
8
8
8
8
8
8
8
8
8
8
8
8
8
8
8
8
8
8
8
8
8
8
8
8
8
8
8
8
8
8
8
8
8
8
8
8
8
