1
1
1
4
4
4
8
8
8
6
2
2
8
8
8
2
2
8
1
1
1
4
5
5
5
7
7
7
6
6
6
1
1
1
6
6
6
0
0
6
6
6
2
2
2
8
8
2
2
2
5
3
6
6
0
6
6
6
1
8
8
8
8
8
8
8
8
8
8
2
2
2
8
8
8
8
8
8
7
7
8
8
8
8
8
8
8
8
8
8
8
2
2
2
8
4
4
7
7
8
8
8
8
8
8
2
8
8
8
8
8
8
8
2
8
8
8
8
8
8
2
2
2
2
2
2
5
5
6
6
2
2
5
1
8
8
8
8
8
6
1
8
8
8
2
8
8
8
7
8
8
8
2
2
7
7
7
8
8
8
8
2
3
2
5
0
0
8
5
8
8
8
8
8
8
8
8
8
8
8
8
8
8
8
8
8
8
8
8
8
8
8
8
8
8
8
8
8
2
2
2
7
0
0
0
8
8
8
2
8
8
8
8
8
8
8
2
2
2
3
3
3
8
8
8
8
2
2
7
5
5
5
5
8
8
8
2
2
2
8
2
2
2
2
2
8
2
2
2
2
2
2
2
2
2
2
2
2
2
8
2
2
2
2
2
2
2
8
2
2
2
2
2
2
2
2
2
2
2
2
2
2
2
2
2
2
2
2
2
2
2
2
8
2
2
2
2
2
2
2
2
2
2
2
8
2
2
2
2
2
2
2
2
2
2
2
2
2
2
2
2
2
2
2
2
2
2
2
2
2
8
2
2
8
2
2
2
2
2
2
2
2
2
2
2
2
2
2
2
2
2
2
2
2
2
2
2
2
2
2
2
2
2
8
2
2
2
2
2
2
2
2
2
2
2
2
2
2
2
2
2
2
2
2
2
2
2
2
2
2
2
2
2
2
2
2
2
2
2
2
2
2
2
2
2
2
2
2
2
2
2
2
2
2
2
2
2
2
2
2
2
2
2
2
2
2
2
2
2
2
2
2
2
2
2
2
2
2
2
2
2
2
2
2
2
2
2
2
2
2
2
2
2
2
2
2
2
2
2
2
2
2
2
2
2
2
2
2
2
2
2
2
2
2
2
2
