0
4
0
7
4
0
7
1
7
1
7
3
7
1
1
3
0
3
0
3
0
1
0
3
0
5
0
5
0
4
0
8
3
4
4
1
1
1
4
2
8
4
3
2
3
1
4
6
4
2
6
3
2
3
4
5
8
5
2
3
4
5
3
8
5
4
2
3
8
6
8
2
5
5
4
0
7
0
7
0
7
0
7
0
7
0
7
0
7
0
7
0
7
0
7
0
7
0
4
0
4
0
4
0
8
0
6
4
0
5
0
8
4
5
3
2
6
7
4
7
0
7
0
7
0
7
0
7
0
7
0
7
0
7
0
7
0
7
0
7
0
7
0
7
0
7
0
7
0
7
0
7
0
7
0
7
0
7
0
7
0
7
0
7
0
7
0
7
0
7
0
7
4
7
6
7
6
7
4
7
6
7
0
7
0
7
0
7
0
7
0
7
0
7
0
7
0
7
0
7
0
7
0
7
0
7
0
7
0
7
0
7
0
7
0
7
4
7
0
7
0
7
0
7
0
7
0
7
0
7
0
7
0
7
0
7
0
7
0
4
0
8
0
3
0
4
0
5
0
8
0
4
0
8
0
8
0
5
0
8
5
8
6
4
5
8
0
8
0
4
0
5
0
6
0
5
0
5
0
6
0
2
0
8
0
5
0
5
4
2
5
0
6
4
6
4
3
4
5
6
8
6
3
5
4
5
5
2
8
8
4
0
4
0
4
0
8
0
8
0
8
0
4
0
8
0
4
0
5
0
5
0
6
0
6
4
5
6
8
5
6
4
5
0
6
0
4
0
5
0
4
0
7
0
7
