1
8
1
1
6
4
0
3
0
1
1
3
1
3
4
7
3
7
5
7
3
7
3
7
4
7
4
7
5
7
4
7
3
7
4
7
0
7
0
7
0
7
0
7
0
7
4
7
0
7
0
7
0
7
0
7
0
7
0
7
0
7
0
7
0
7
0
7
0
7
0
7
0
7
0
7
4
7
6
7
3
7
4
7
5
7
8
7
4
7
4
7
5
7
4
7
4
7
3
7
4
7
4
7
6
7
5
7
6
7
5
7
8
7
4
7
4
7
8
7
5
7
4
7
5
7
6
4
5
0
8
0
8
4
0
6
0
5
0
3
0
5
0
5
0
4
0
5
0
5
0
3
0
6
0
5
4
6
4
5
4
5
4
6
3
4
7
4
7
8
7
4
7
3
7
5
7
3
7
5
7
8
7
0
7
5
7
5
7
5
7
5
7
5
7
0
7
0
7
0
7
0
7
0
7
0
7
0
7
0
7
3
7
5
7
5
7
4
7
0
7
0
7
4
7
5
7
5
7
4
7
8
7
2
7
0
7
4
7
4
7
6
7
4
7
8
7
5
3
7
3
7
4
7
8
7
5
8
6
8
5
3
4
3
4
6
3
5
5
6
4
6
3
8
5
4
5
5
6
4
3
1
5
0
4
0
5
0
4
0
4
0
8
0
5
0
5
0
4
0
6
0
3
0
3
0
8
0
6
0
6
0
8
0
6
0
5
0
4
0
8
0
8
0
8
0
5
0
7
0
7
0
7
0
4
0
4
5
2
4
5
6
3
6
3
3
0
5
0
8
0
6
0
8
0
