7
8
0
7
0
7
1
4
7
1
3
7
7
1
7
6
7
6
7
5
3
3
4
1
4
5
8
3
3
5
0
1
0
5
0
6
0
6
0
4
0
5
4
7
5
7
8
7
4
7
6
7
4
7
4
7
4
7
0
7
0
7
0
7
0
3
0
4
0
3
0
6
0
4
0
5
0
1
0
8
0
8
0
6
3
6
0
5
4
7
5
7
6
7
8
7
8
7
2
7
6
7
5
7
0
7
0
7
0
7
0
7
0
7
0
7
0
7
0
4
0
5
0
4
0
5
0
3
0
4
0
5
3
6
8
0
4
0
3
0
5
0
4
0
3
0
5
6
4
6
2
4
0
6
0
5
0
5
0
6
0
6
0
4
0
5
0
8
0
8
0
3
0
7
0
7
0
7
0
7
0
7
0
4
0
4
0
8
0
5
0
5
0
8
0
4
0
8
0
4
0
8
0
8
0
4
6
8
8
5
6
0
4
0
6
0
4
0
8
0
8
0
5
0
5
4
3
4
8
4
5
0
8
0
8
0
8
0
8
0
6
0
4
0
5
0
5
4
5
6
0
6
0
2
0
6
0
6
0
4
0
4
0
5
0
5
0
8
4
2
8
5
8
2
3
1
5
5
2
3
7
4
7
0
7
0
7
4
7
5
7
2
7
8
7
4
7
6
7
8
7
4
7
4
7
8
7
3
7
4
7
5
7
4
7
8
7
5
7
4
7
5
7
5
7
6
7
5
7
5
7
6
7
5
7
4
7
8
7
5
7
5
7
2
7
4
7
4
7
4
7
4
7
5
7
