0
6
0
8
6
0
0
8
0
5
2
3
5
4
1
8
8
7
4
1
7
8
4
7
7
1
7
7
3
4
7
8
7
1
7
6
7
8
7
3
7
1
7
3
7
6
7
6
7
8
7
5
7
1
7
5
7
5
7
5
7
8
7
4
7
5
7
5
7
4
7
5
7
6
7
4
7
5
7
5
7
6
7
4
7
4
7
6
7
5
7
5
7
6
7
6
7
6
7
5
7
5
7
4
7
8
7
4
7
5
7
5
7
4
7
5
7
5
7
6
7
5
7
5
7
5
7
6
7
5
7
5
7
6
7
4
7
6
7
6
7
6
7
5
7
6
7
5
7
6
7
5
7
6
7
5
7
5
7
5
7
8
7
2
7
2
7
8
7
4
7
4
7
5
7
5
7
5
7
6
7
4
7
4
7
5
7
4
7
4
7
8
7
6
7
4
7
6
7
5
7
5
7
5
7
4
7
4
7
5
7
5
7
6
7
6
7
5
7
5
7
5
7
5
7
5
7
4
7
6
7
5
7
5
7
6
7
6
7
6
7
5
7
5
7
2
7
4
7
4
7
5
7
5
7
6
7
4
7
0
7
0
7
0
7
0
7
0
7
0
7
0
7
0
7
0
7
0
7
0
7
0
7
0
7
0
7
0
7
0
7
0
7
0
7
0
7
0
7
0
7
0
7
0
7
0
7
0
7
0
7
0
7
0
7
0
7
0
7
0
7
0
7
0
7
0
7
0
7
0
7
0
7
0
7
0
7
0
7
0
7
0
7
0
7
0
7
0
7
0
7
0
7
0
7
0
7
0
7
0
7
0
7
0
7
0
7
0
7
0
7
0
7
0
7
0
7
0
7
0
7
0
7
0
7
0
7
0
7
0
7
0
7
0
7
0
7
0
7
0
7
0
7
0
7
0
7
0
7
0
7
0
7
0
7
0
7
0
7
0
7
0
7
0
7
0
7
0
7
0
7
0
7
0
7
0
7
0
7
0
7
0
7
0
7
0
7
0
7
0
7
0
7
0
7
0
7
0
7
0
7
0
7
0
7
0
7
0
