0
6
0
6
5
6
2
0
3
0
0
8
8
0
7
0
7
1
5
5
7
7
7
6
7
0
7
0
7
0
7
0
7
0
7
0
7
0
7
0
7
5
7
6
7
5
7
5
7
3
7
5
1
8
4
3
3
4
5
4
6
8
6
4
6
4
5
6
5
4
0
4
0
4
0
6
0
5
0
6
0
4
0
5
0
5
0
4
0
5
0
5
0
5
0
6
0
5
0
5
0
6
0
6
0
5
0
8
0
4
0
5
0
4
0
5
0
5
0
4
0
4
0
5
0
5
0
5
0
4
0
5
0
6
0
6
0
5
0
6
0
5
0
6
0
5
0
4
0
6
0
5
0
4
0
6
0
5
0
5
0
6
0
5
0
5
0
5
0
5
0
6
0
6
0
4
0
4
0
5
0
5
0
6
0
6
0
6
0
5
0
4
0
6
0
6
0
5
0
5
0
5
0
6
0
5
0
5
0
5
0
5
0
8
0
6
0
5
0
5
0
6
0
6
0
5
0
6
0
5
0
5
0
5
0
5
0
5
0
5
0
5
0
5
0
6
0
5
0
6
0
5
0
5
0
5
0
5
0
2
0
5
0
7
0
7
0
7
0
7
0
7
0
7
0
7
0
7
0
7
0
7
0
7
0
7
0
7
0
7
0
7
0
7
0
7
0
7
0
7
0
7
0
7
0
7
0
7
0
7
0
7
0
7
0
7
0
7
0
7
0
7
0
7
0
7
0
7
0
7
0
7
0
7
0
7
0
7
0
7
0
7
0
7
0
7
0
7
0
7
0
7
0
7
0
7
0
7
0
7
0
7
0
7
0
7
0
7
0
7
0
7
0
7
0
7
0
7
0
7
0
7
0
7
0
7
0
7
0
7
0
7
0
7
0
7
0
7
0
7
0
7
0
7
0
7
0
7
0
7
0
7
0
7
0
7
0
7
0
7
0
7
0
7
0
7
0
7
0
7
0
7
0
7
0
7
0
7
0
7
0
7
0
7
0
7
0
7
0
7
0
7
0
7
0
7
0
7
0
7
0
7
0
7
0
7
0
7
