2
4
7
3
7
3
5
4
4
7
3
7
7
1
7
3
7
8
7
1
7
0
7
0
7
0
7
2
2
8
0
2
0
5
0
1
0
6
0
5
0
4
0
0
2
0
1
0
2
0
6
4
0
6
8
8
6
0
5
0
5
8
0
4
0
3
0
6
0
4
0
7
0
7
0
7
8
7
0
7
0
7
0
7
0
0
2
0
3
0
0
3
0
2
7
0
7
0
7
0
7
0
0
4
0
0
6
0
3
0
2
0
2
0
3
0
0
2
0
6
0
2
0
6
0
2
6
0
8
0
1
0
4
0
2
0
6
0
2
0
6
0
4
0
2
6
0
1
0
2
0
5
0
6
0
1
8
3
0
6
0
7
0
7
0
7
0
7
0
7
0
7
0
7
0
7
0
7
0
7
0
7
0
7
0
7
0
7
0
7
6
7
0
7
5
7
0
7
0
7
0
7
0
7
0
7
0
7
0
7
0
7
0
7
5
7
0
7
0
7
0
7
0
7
0
7
0
7
8
7
0
7
0
7
0
7
0
7
0
7
5
7
0
7
0
7
0
7
0
7
0
7
0
7
0
7
0
7
0
7
0
7
0
7
0
7
0
7
0
7
0
7
0
7
0
7
0
7
0
7
0
7
0
7
0
7
0
7
0
7
0
7
0
7
0
7
0
7
0
7
0
7
0
7
0
7
0
7
0
7
0
7
0
7
0
7
0
7
0
7
0
7
0
7
0
7
0
7
0
7
0
7
0
7
0
7
5
7
0
7
0
7
0
7
0
7
0
7
0
7
0
7
0
7
0
