6
5
7
0
1
3
6
1
4
3
4
3
5
1
2
3
6
6
3
0
8
0
6
3
0
0
6
0
6
0
5
0
4
0
6
0
7
0
7
0
7
0
7
0
7
5
7
8
7
8
7
5
7
5
7
8
7
8
7
6
7
0
7
0
7
0
7
0
7
0
7
8
7
0
7
0
6
0
6
0
6
0
3
0
6
0
5
0
2
0
5
0
6
0
6
0
6
0
6
0
8
0
2
0
2
0
6
2
6
0
6
0
6
0
6
0
8
0
5
0
5
0
5
0
2
0
2
0
8
0
8
0
6
0
6
8
8
0
5
0
7
0
7
0
7
0
7
5
0
2
0
2
0
2
0
0
6
0
6
0
0
6
8
0
2
5
8
0
6
0
6
0
1
0
6
0
0
5
0
4
0
7
0
7
0
7
0
7
0
7
0
7
2
7
0
7
8
0
7
0
7
0
7
0
7
0
7
0
7
0
7
0
7
0
7
0
7
0
7
0
7
0
7
0
7
0
7
0
7
0
7
0
7
0
7
0
7
0
7
8
7
0
7
0
7
0
7
0
7
0
7
0
7
0
7
0
7
0
7
0
7
0
7
0
7
0
7
0
7
0
7
0
7
0
7
0
7
0
7
0
7
4
0
2
0
3
0
1
0
1
0
2
0
0
6
0
8
0
4
0
6
0
2
0
2
0
3
0
8
0
2
0
6
0
0
4
0
8
0
2
0
2
0
5
0
2
0
6
0
5
0
2
4
0
8
0
6
0
4
0
7
0
7
0
7
8
2
3
0
3
0
1
0
8
0
