7
6
3
1
3
7
6
6
6
6
8
5
5
8
7
0
8
8
2
2
7
7
7
3
3
8
8
8
1
6
6
4
4
4
4
4
4
4
4
4
4
4
4
8
8
1
1
1
3
4
4
2
7
0
2
7
7
7
6
8
2
7
0
6
8
8
8
2
2
2
8
8
8
1
8
5
8
8
8
6
7
7
3
1
0
8
8
8
8
8
2
8
2
2
2
2
7
8
2
2
2
8
2
8
8
3
1
8
5
8
8
8
3
4
3
4
8
6
4
4
8
8
8
8
8
8
8
2
2
2
8
8
8
8
8
8
8
8
8
8
5
5
3
7
7
8
8
8
8
8
8
8
8
8
8
8
8
8
8
8
8
8
8
8
8
8
8
8
8
8
8
8
8
8
8
8
8
8
8
8
8
8
8
8
8
8
8
8
8
8
8
8
8
8
8
8
8
8
8
8
8
8
8
8
8
8
8
8
8
8
8
8
8
8
8
8
8
8
8
8
8
8
8
8
8
8
8
8
8
8
8
8
8
8
8
8
8
8
8
8
8
8
8
8
8
8
8
8
8
8
8
8
8
8
8
8
8
8
8
8
8
8
8
8
8
8
8
8
8
8
8
8
8
8
8
8
8
8
8
8
8
8
8
8
8
8
8
8
8
8
8
8
8
8
8
8
8
8
8
8
8
8
8
8
8
8
8
8
8
8
8
8
8
8
8
8
8
8
8
8
8
8
8
8
8
8
8
8
8
8
8
8
8
8
8
8
8
8
8
8
8
8
8
8
8
8
8
8
8
8
8
8
8
8
8
8
8
8
8
8
8
8
