0
0
0
4
1
1
1
5
1
6
6
1
8
8
8
5
4
6
6
6
6
7
6
6
6
6
6
7
5
5
5
8
8
8
4
8
4
4
4
2
2
2
3
3
2
2
8
5
5
3
2
8
1
1
0
0
2
5
5
5
8
8
8
6
8
8
8
4
5
3
6
8
8
8
8
3
1
1
1
8
2
2
8
8
8
4
8
8
8
6
6
8
8
8
8
1
2
5
8
8
1
1
1
2
8
8
8
8
8
8
8
8
8
8
8
8
8
8
8
8
8
8
8
8
8
8
8
8
8
7
3
2
2
2
3
3
1
1
1
2
2
3
2
5
8
8
8
8
8
8
8
8
8
8
8
8
8
8
8
8
8
8
8
8
8
8
8
8
8
8
8
8
8
8
8
8
8
8
8
8
8
8
8
8
8
8
8
8
8
8
8
8
8
8
8
8
8
8
8
8
8
8
8
8
8
8
8
8
8
8
8
8
8
8
8
8
8
8
8
8
8
8
8
8
8
8
8
8
8
8
8
8
8
8
8
8
8
8
8
8
8
8
8
8
8
8
8
8
8
8
8
8
8
8
8
8
8
8
8
8
8
8
8
8
8
8
8
8
8
8
8
8
8
8
8
8
8
8
8
8
8
8
8
8
8
8
8
8
8
8
8
8
8
8
8
8
8
8
8
8
8
8
8
8
8
8
8
8
8
8
8
8
8
8
8
8
8
8
8
8
8
8
8
8
8
8
8
8
8
8
8
8
8
8
8
8
8
8
8
8
8
8
8
8
8
8
8
8
8
8
8
8
8
8
8
8
8
8
8
8
8
8
