1
4
6
7
2
1
1
5
0
8
5
5
3
5
7
8
6
6
1
5
8
7
3
8
3
3
3
8
8
4
4
8
7
8
2
2
2
3
6
8
8
8
5
6
8
8
8
8
3
1
1
1
5
5
5
6
6
6
6
6
8
8
8
8
8
8
8
8
8
8
8
8
8
8
8
8
8
2
2
8
8
8
5
8
8
8
8
8
8
8
2
8
8
8
8
8
2
1
1
1
2
2
0
6
5
5
6
5
5
5
8
8
8
8
2
2
7
8
2
6
6
5
5
5
0
2
4
4
4
6
6
0
6
6
4
4
8
8
8
2
2
1
1
5
1
2
8
8
2
2
8
2
2
2
8
2
1
1
1
3
8
2
2
2
1
1
1
8
8
2
8
8
2
5
8
2
2
8
8
2
1
1
2
2
2
1
1
2
1
2
1
2
2
1
2
1
2
1
2
1
2
5
8
2
1
2
1
2
1
2
1
8
2
1
2
1
2
1
2
1
2
1
2
1
2
2
1
2
1
2
1
2
1
2
8
2
2
1
1
2
1
2
1
2
2
1
2
1
2
1
2
1
2
1
2
1
2
1
2
1
2
1
2
2
8
2
8
2
1
1
2
8
2
1
1
1
8
2
1
2
1
2
8
2
1
1
1
2
1
2
2
1
2
1
2
1
2
2
1
2
1
2
1
2
1
2
1
2
1
2
1
2
1
2
1
2
1
2
1
2
1
2
1
2
1
2
1
2
1
2
1
2
1
2
1
2
1
2
1
2
1
2
1
2
1
2
1
2
1
2
1
2
1
2
1
2
1
2
1
2
1
2
