1
8
7
8
3
6
3
8
7
2
3
8
2
2
7
5
7
7
7
8
5
5
1
5
3
3
2
7
7
8
7
7
7
3
4
4
8
8
8
8
8
8
0
0
0
6
6
6
5
3
3
5
8
8
8
8
8
8
8
8
6
6
6
2
2
2
7
8
8
8
8
6
8
3
4
5
5
5
0
8
8
8
8
8
6
6
5
0
6
6
0
5
5
8
8
8
8
8
6
8
8
6
8
6
2
2
2
7
8
8
3
8
8
8
8
8
8
8
8
8
8
8
8
8
8
8
8
8
8
8
8
8
8
8
8
8
8
8
8
8
8
8
8
8
4
0
0
0
5
5
2
8
8
8
8
8
8
8
8
8
8
8
8
8
8
8
8
8
8
8
8
8
8
8
8
8
8
8
8
8
8
8
8
8
8
8
8
8
8
8
8
8
8
8
8
8
8
8
8
8
8
8
8
8
8
8
8
8
8
8
8
8
8
8
8
8
8
8
8
8
8
8
8
8
8
8
8
8
8
8
8
8
8
8
8
8
8
8
8
8
8
8
8
8
8
8
8
8
8
8
8
8
8
8
8
8
8
8
8
8
8
8
8
8
8
8
8
8
8
8
8
8
8
8
8
8
8
8
8
8
8
8
8
8
8
8
8
8
8
8
8
8
8
8
8
8
8
8
8
8
8
8
8
8
8
8
8
8
8
8
8
8
8
8
8
8
8
8
8
8
8
8
8
8
8
8
8
8
8
8
8
8
8
8
8
8
8
8
8
8
8
8
8
8
8
8
8
8
8
8
8
8
8
8
8
8
8
8
8
8
8
8
