1
7
0
8
0
3
3
1
0
7
0
2
0
3
0
7
0
1
0
7
0
7
0
7
2
7
0
7
8
7
5
7
0
7
0
7
0
7
0
7
5
7
0
7
0
7
8
0
2
0
2
0
6
0
7
0
7
0
7
8
7
0
7
0
7
0
4
0
2
0
3
0
6
0
5
1
0
4
0
2
0
5
0
2
0
5
0
6
0
2
0
5
0
2
0
5
0
2
0
6
0
2
0
2
0
6
0
8
0
2
2
6
0
2
0
2
5
8
0
2
0
7
0
7
0
7
8
0
5
0
7
0
7
0
7
0
7
0
7
0
7
8
7
8
7
0
7
0
7
0
7
0
7
0
7
0
7
0
7
0
7
0
7
0
7
8
0
0
6
0
6
0
0
0
6
8
0
6
0
8
0
7
0
7
0
7
0
7
0
7
0
7
0
7
0
7
0
7
0
7
0
7
0
7
0
7
0
7
0
7
0
7
0
7
0
7
0
7
0
7
0
7
0
7
0
7
0
7
0
7
0
7
0
7
0
7
0
7
0
7
0
7
0
7
0
7
8
0
2
5
0
8
0
4
0
7
8
0
7
0
7
0
7
0
7
0
7
0
7
0
7
0
7
0
7
0
7
0
7
8
0
6
0
6
0
8
0
6
0
7
0
7
0
7
0
7
0
7
0
7
0
7
8
0
2
0
3
0
5
0
6
0
2
0
3
0
7
0
0
0
1
0
8
6
0
1
0
2
0
6
0
8
0
2
0
6
0
6
0
6
0
6
8
0
6
0
6
0
6
0
8
0
6
0
2
