8
4
0
7
1
4
3
1
1
1
3
7
0
7
0
7
4
7
5
7
6
7
6
1
6
3
0
5
0
6
0
4
0
6
3
4
2
3
4
5
4
6
5
1
8
4
6
4
7
6
7
5
4
5
4
0
8
0
4
0
4
0
7
0
7
0
7
0
7
0
7
0
7
4
7
6
7
5
7
8
7
6
7
5
7
4
7
3
7
5
7
8
7
4
7
6
7
8
7
5
7
2
7
5
7
5
7
0
7
0
7
0
7
0
7
4
7
8
7
5
7
8
7
0
7
0
7
0
7
0
7
0
7
0
7
0
7
0
7
0
7
0
7
0
7
0
7
0
7
0
7
4
7
2
7
2
7
3
7
5
7
0
7
0
7
0
7
0
7
0
7
0
7
0
7
0
7
0
7
0
7
0
7
0
7
0
7
0
4
0
6
0
2
5
4
5
0
4
0
5
4
6
4
6
4
5
6
8
5
3
4
4
5
4
8
4
8
0
4
0
4
0
4
0
8
0
5
0
6
0
4
0
5
0
5
0
8
0
5
0
6
0
7
0
7
0
7
4
7
5
7
0
7
0
7
0
7
0
4
0
5
0
6
0
5
0
5
0
3
0
4
0
8
0
3
0
6
4
7
4
7
5
7
4
7
8
7
4
7
5
7
8
7
4
7
5
7
2
7
4
7
5
7
8
7
5
7
6
7
3
7
5
7
4
7
4
7
5
3
1
4
0
4
0
5
0
4
0
8
0
8
0
5
0
6
0
8
0
5
0
6
0
5
0
5
0
6
0
6
0
4
0
5
0
3
