8
8
7
3
0
1
7
1
7
0
7
4
7
1
7
4
7
2
7
3
7
8
7
8
7
4
7
8
7
4
7
3
7
5
7
4
7
5
7
6
7
4
7
5
7
4
7
4
7
3
7
4
7
8
7
4
7
4
7
8
7
8
7
5
7
6
7
5
7
6
7
5
7
5
7
2
7
8
7
0
7
0
7
0
7
0
7
0
7
0
4
0
5
0
3
0
6
0
5
4
0
5
0
8
0
6
0
5
0
4
0
5
0
5
0
3
0
6
0
8
0
5
0
8
0
8
0
6
0
3
0
8
0
4
0
5
0
5
0
4
0
6
0
6
0
6
0
3
0
4
0
2
0
5
0
8
4
0
4
0
8
0
8
0
8
3
3
3
5
8
3
6
2
6
6
4
5
0
4
0
8
0
3
0
8
0
5
0
6
4
2
6
4
5
8
3
4
0
3
0
7
0
7
0
7
0
7
0
7
0
7
0
7
0
7
0
7
0
7
0
7
5
4
6
4
1
4
3
6
4
0
5
0
2
0
3
0
8
0
5
4
5
5
8
6
0
6
4
0
5
0
3
0
4
0
6
0
6
4
5
4
3
4
6
5
8
0
6
0
1
0
5
0
4
0
4
0
5
0
8
0
6
0
8
0
8
0
5
0
6
0
4
0
3
0
6
3
8
5
5
4
5
3
4
8
8
2
5
0
4
0
4
0
2
0
4
0
8
0
5
0
5
0
6
0
6
0
5
0
5
6
4
6
5
3
4
6
0
8
0
6
0
2
6
1
8
0
6
0
4
0
2
0
6
0
