7
5
5
5
2
0
2
0
1
7
1
3
3
4
6
8
3
8
2
5
8
8
5
1
7
3
3
2
8
4
2
2
2
5
5
0
8
4
4
4
8
8
8
2
2
2
5
8
1
1
1
6
1
8
2
8
4
2
8
8
4
1
1
4
8
8
1
0
0
1
4
8
8
8
8
8
1
1
2
1
1
8
8
8
8
8
8
5
5
8
1
8
8
8
8
8
8
8
8
8
8
2
8
8
8
8
8
8
8
8
8
8
2
8
2
8
8
8
8
8
8
8
8
8
2
8
2
8
8
8
8
8
8
8
8
8
8
8
8
8
8
8
8
8
8
2
5
0
8
8
8
8
8
2
2
5
8
8
8
8
2
4
8
8
8
8
8
8
2
3
8
8
2
8
2
8
8
2
8
2
2
8
8
8
8
1
8
8
2
8
2
2
2
3
4
8
8
2
2
8
2
8
8
8
2
8
8
2
8
2
8
8
8
8
8
8
8
8
2
8
8
8
2
8
8
8
8
8
8
2
8
2
8
8
2
8
8
2
2
2
8
2
2
2
8
2
2
2
8
2
2
2
2
2
2
2
2
2
2
2
2
2
2
2
2
2
2
2
8
2
2
2
2
2
2
2
2
8
8
2
2
2
2
2
2
2
2
2
2
8
2
8
2
2
2
2
2
2
2
2
2
2
2
2
2
2
2
2
2
2
2
2
2
2
2
2
2
2
8
2
2
8
2
2
2
2
2
2
2
2
2
2
2
2
2
2
2
2
2
2
2
2
2
2
2
2
2
2
2
2
2
2
2
2
8
2
2
2
2
2
2
2
2
2
2
2
2
2
2
8
2
2
8
2
2
2
2
2
2
2
2
2
2
2
2
2
2
2
2
2
2
2
2
2
2
2
2
2
2
2
2
2
2
8
2
2
2
2
2
2
2
2
2
2
2
2
2
2
2
2
2
2
2
2
2
2
2
2
2
2
2
2
2
2
2
2
2
2
2
2
2
2
2
2
2
2
2
2
2
2
2
2
2
2
2
2
2
2
8
2
2
2
8
2
2
2
2
2
2
2
2
2
2
2
2
2
