3
4
4
7
7
3
3
0
4
1
2
3
5
7
4
5
2
3
8
3
4
6
5
6
3
7
7
7
3
2
2
7
0
8
1
4
4
8
8
6
4
6
1
4
6
6
4
8
8
8
8
8
6
4
8
8
8
8
8
8
8
2
2
2
6
6
5
5
7
0
6
3
4
4
4
3
3
5
5
0
0
0
2
2
2
7
3
3
3
2
2
6
6
6
7
8
2
2
8
8
8
6
4
4
3
7
3
2
8
8
2
2
6
2
2
6
2
5
0
6
4
3
8
2
2
2
2
6
3
2
8
8
8
8
8
8
5
6
3
2
6
5
2
8
5
6
7
2
4
4
4
4
8
8
8
8
8
8
8
8
8
2
1
2
8
8
8
8
2
8
8
8
8
2
4
8
8
2
8
2
8
2
8
2
8
2
8
2
8
2
8
2
0
8
2
8
8
8
2
8
2
8
2
2
8
2
8
8
2
8
2
8
2
8
2
8
2
8
2
8
2
8
8
2
8
2
8
2
8
2
8
2
8
2
4
8
2
8
2
8
2
8
2
8
2
8
2
8
2
8
2
8
2
8
2
8
2
8
2
8
2
8
2
8
2
8
2
8
2
8
2
8
2
8
8
2
8
2
8
2
8
2
8
2
8
2
8
2
8
2
8
2
8
2
8
2
8
2
8
2
8
2
8
2
2
8
2
8
2
8
2
8
2
8
2
2
8
2
8
2
8
2
8
2
8
2
8
2
8
2
8
2
8
2
8
2
8
2
8
2
8
2
8
2
8
2
8
2
8
2
8
2
8
2
8
2
8
2
8
2
8
2
8
2
8
2
8
2
8
2
8
2
8
2
8
2
8
2
8
2
8
2
8
2
8
2
8
2
8
2
8
2
8
2
8
2
8
2
2
8
2
8
2
8
2
8
2
8
2
8
2
8
2
8
2
8
2
8
2
8
2
8
2
8
2
8
2
8
2
8
2
8
2
8
2
8
2
8
2
8
2
8
2
8
2
8
2
8
2
8
2
8
2
8
2
8
2
8
2
8
2
8
2
8
2
8
2
8
2
8
2
8
2
8
2
2
