3
2
0
6
7
0
8
7
2
5
7
8
4
6
3
5
4
1
1
6
0
3
1
7
6
7
5
3
5
7
1
7
2
7
3
8
7
3
7
2
7
0
7
0
7
0
7
0
7
0
7
0
7
0
7
0
7
0
7
0
7
0
7
0
7
0
7
0
7
0
7
0
7
0
7
0
7
0
7
0
7
0
7
0
7
0
7
0
7
0
7
0
7
0
7
0
7
0
7
0
7
0
7
0
7
4
7
4
7
2
7
6
7
5
4
6
4
6
0
6
0
5
0
6
0
6
0
6
0
6
0
6
0
6
0
6
4
6
2
5
0
8
0
2
4
1
4
1
4
0
6
0
6
0
6
0
4
0
6
0
6
0
6
0
5
0
6
0
6
0
6
0
6
0
6
0
6
0
6
0
4
0
5
0
2
0
4
0
6
0
6
0
5
0
6
0
6
0
5
0
5
0
4
0
6
0
6
0
6
0
6
0
5
0
6
0
6
0
4
0
4
0
6
0
6
0
6
0
5
0
4
0
4
0
5
0
4
0
4
0
6
0
6
0
5
0
4
0
6
0
5
0
4
0
6
0
6
0
6
0
6
0
6
0
6
0
6
0
5
0
5
0
6
0
4
0
5
0
6
0
6
0
5
0
6
0
5
0
6
0
2
0
6
0
6
0
6
0
4
0
5
0
5
0
6
0
4
0
4
0
5
0
5
0
4
0
6
0
6
0
6
0
5
0
6
0
4
0
6
0
6
0
5
0
6
0
6
0
6
0
6
0
6
0
5
0
5
0
6
0
6
0
6
0
6
