5
5
6
5
1
7
1
1
7
2
3
1
7
5
7
6
7
6
8
0
8
0
3
3
7
0
2
7
0
7
0
7
0
5
0
4
0
8
1
0
1
0
3
0
7
0
7
0
7
0
7
0
7
0
7
0
7
0
7
0
7
0
7
0
4
0
4
0
4
0
4
0
6
0
4
0
6
0
8
0
4
0
4
0
6
0
6
0
6
0
5
0
4
0
5
0
6
0
4
0
6
0
8
0
5
0
6
0
4
0
5
0
6
0
6
0
4
0
6
0
6
0
6
0
4
0
4
0
6
0
4
0
4
0
5
0
4
0
6
0
5
0
6
0
6
0
6
0
6
0
6
0
6
0
4
0
6
0
4
0
6
0
5
0
6
0
6
0
6
0
6
0
5
4
0
6
0
6
0
6
0
6
0
6
0
6
0
5
0
6
0
6
0
6
0
4
0
6
0
6
0
6
0
6
0
6
0
6
0
6
0
4
0
4
0
6
0
5
0
4
0
6
0
6
0
6
0
6
0
6
0
6
0
6
0
6
0
6
0
6
0
6
0
6
0
5
0
6
0
6
0
4
0
6
0
6
0
4
0
6
0
6
0
6
0
6
0
6
0
6
0
5
0
5
0
6
0
6
0
6
0
6
0
6
0
6
0
5
0
6
0
6
0
6
0
6
0
4
0
2
0
5
0
6
0
6
0
6
0
4
0
6
0
5
0
4
0
6
0
6
0
6
0
5
0
4
0
6
0
5
0
6
0
6
0
6
0
6
0
5
0
5
0
6
0
4
0
6
0
4
0
6
0
5
0
