5
8
2
5
8
4
6
8
1
8
8
0
4
8
0
4
8
0
1
4
5
0
0
7
0
7
0
1
0
3
0
6
0
1
0
2
0
1
0
5
0
8
0
5
0
8
0
5
0
5
0
6
0
6
0
6
0
6
0
6
0
6
4
0
6
0
6
0
6
0
6
0
6
0
6
0
5
0
5
0
6
0
4
0
6
0
6
0
4
0
6
0
6
0
6
0
6
0
6
0
6
0
6
0
6
0
6
0
5
0
2
0
4
0
6
0
6
0
4
0
8
0
5
0
6
0
6
0
6
0
4
0
6
0
5
0
6
0
5
0
4
0
6
0
5
0
6
0
6
0
6
0
6
0
6
0
6
0
5
0
6
0
6
0
5
0
5
0
6
0
5
4
6
2
5
1
6
7
5
7
5
7
6
7
6
7
6
7
6
7
6
7
5
7
6
7
5
7
6
7
5
7
5
7
4
7
6
7
4
7
4
7
8
7
5
7
4
7
4
7
2
7
4
7
5
7
6
7
6
7
6
7
6
7
6
7
5
7
5
7
5
7
6
7
6
7
6
7
6
7
6
7
6
7
6
7
6
7
6
7
6
7
6
7
6
7
6
7
6
7
6
7
5
7
6
7
6
7
6
7
5
7
6
7
5
7
6
7
6
7
6
7
6
7
5
7
5
7
6
7
6
7
6
7
6
7
6
7
6
7
6
7
6
7
4
7
6
7
6
7
5
7
4
7
5
7
5
7
8
7
8
7
6
7
6
7
8
7
5
7
5
7
6
7
6
7
4
7
5
7
4
7
5
7
6
