1
1
1
6
6
6
4
4
4
6
6
6
4
4
5
5
5
5
5
5
8
8
8
2
1
6
4
8
8
6
1
7
5
6
0
1
1
1
6
8
8
8
0
1
6
4
4
4
8
8
8
0
0
3
4
8
8
1
5
5
6
4
0
3
3
4
6
4
6
6
4
8
2
8
4
8
8
4
4
4
8
8
8
8
8
1
1
1
5
1
5
5
6
6
6
4
4
4
6
4
4
4
8
8
8
4
8
5
8
8
8
5
4
4
4
0
3
6
4
8
8
4
8
8
8
8
8
8
3
5
6
6
6
4
4
4
8
8
8
8
8
8
8
4
8
8
4
8
8
8
8
8
8
8
8
8
8
8
8
4
8
8
8
8
8
4
8
4
8
4
8
4
8
4
8
8
8
8
4
4
8
4
4
4
8
8
4
8
4
8
4
8
8
4
4
8
8
8
4
4
8
4
4
8
8
4
8
8
4
8
4
8
4
8
4
8
4
8
4
8
4
8
4
8
4
4
8
4
8
4
8
4
8
4
4
8
4
8
4
8
4
8
4
8
4
8
4
4
8
4
4
4
8
4
4
8
4
4
8
4
8
4
4
8
4
4
8
4
8
4
8
4
8
4
8
8
4
4
8
4
8
4
4
8
4
8
8
8
4
8
4
8
8
8
4
8
8
8
8
8
8
4
4
4
8
4
8
4
8
4
4
8
4
8
8
4
8
4
4
8
4
8
4
4
8
4
8
4
8
4
8
4
4
8
8
4
8
8
8
4
8
4
8
4
8
4
8
4
4
8
4
8
4
8
4
4
8
4
4
8
4
8
