6
6
2
4
7
5
5
5
5
5
5
5
4
4
4
4
4
4
7
5
5
5
7
7
7
7
7
5
1
3
6
3
3
6
3
6
6
4
6
6
6
8
8
1
5
5
5
5
5
5
5
0
0
6
6
8
8
8
6
8
7
5
1
3
6
6
6
5
6
6
3
3
3
6
8
3
3
6
8
5
5
5
8
8
8
2
4
4
0
8
8
8
8
8
8
3
8
8
8
8
6
6
6
3
3
8
8
6
3
8
8
6
5
5
0
6
6
6
2
3
3
8
5
8
8
8
6
6
6
8
6
8
8
8
8
8
8
8
8
6
6
6
8
8
6
3
8
2
7
5
5
5
8
8
8
6
5
5
5
8
8
8
0
6
6
0
0
7
7
5
5
8
8
8
6
7
7
5
8
8
6
8
6
3
8
8
6
6
3
8
6
6
6
3
8
6
3
8
6
8
6
3
8
6
8
8
8
6
6
3
3
3
8
6
6
3
8
6
3
8
6
3
3
8
6
3
3
8
6
3
8
6
3
8
8
8
8
6
5
8
8
8
6
6
3
3
3
8
8
8
8
6
3
3
8
6
6
3
8
8
8
6
3
3
3
8
6
6
3
8
6
3
8
6
3
8
8
8
6
3
8
8
8
6
3
3
8
8
6
3
8
6
6
3
8
6
3
3
8
8
6
6
3
8
6
3
8
8
6
3
8
6
3
8
8
6
6
3
8
6
3
8
6
3
3
8
8
6
3
8
6
3
8
8
8
6
3
3
8
6
3
8
6
3
8
6
3
8
6
3
8
6
3
3
8
6
6
3
3
8
8
8
6
