4
6
6
6
5
5
5
1
4
4
4
6
6
5
5
5
5
3
0
0
4
4
4
6
2
2
5
5
2
2
2
4
6
5
5
7
4
6
6
6
8
8
3
0
0
0
6
6
6
8
8
8
8
8
2
6
4
6
6
6
8
8
5
4
4
6
8
8
8
8
8
8
8
3
7
8
8
8
3
3
8
8
8
8
8
8
8
8
8
8
8
8
8
8
8
5
4
4
4
3
3
3
4
4
4
3
8
8
8
8
3
3
6
1
1
1
4
4
3
8
8
8
8
8
8
0
3
4
4
4
6
6
2
8
8
8
8
8
8
8
8
8
8
8
8
8
8
8
8
8
8
8
8
8
8
8
8
8
8
8
8
8
8
8
8
8
8
8
8
8
8
8
8
8
8
8
8
8
8
8
8
8
8
8
8
8
8
8
8
8
8
8
8
8
8
8
8
8
8
8
8
8
8
8
8
8
8
8
8
8
8
8
8
8
8
8
8
8
8
8
8
8
8
8
8
8
8
8
8
8
8
8
8
8
8
8
8
8
8
8
8
8
8
8
8
8
8
8
8
8
8
8
8
8
8
8
8
8
8
8
8
8
8
8
8
8
8
8
8
8
8
8
8
8
8
8
8
8
8
8
8
8
8
8
8
8
8
8
8
8
8
8
8
8
8
8
8
8
8
8
8
8
8
8
8
8
8
8
8
8
8
8
8
8
8
8
8
8
8
8
8
8
8
8
8
8
8
8
8
8
8
8
8
8
8
8
8
8
8
8
8
8
8
8
8
8
8
8
8
8
8
8
8
8
8
8
8
8
8
8
8
8
