4
4
4
2
2
2
1
1
1
3
4
7
7
7
7
7
7
7
7
7
5
5
5
1
7
7
7
5
5
5
0
6
6
6
3
3
0
7
7
6
6
0
0
5
5
5
2
2
1
0
0
0
3
6
1
0
0
7
7
5
5
5
8
7
5
5
1
4
5
5
1
1
1
6
6
6
6
6
6
2
0
8
8
8
2
0
3
8
8
8
8
8
8
5
2
7
7
7
5
5
7
7
8
8
2
2
2
1
0
8
8
8
3
3
8
8
2
4
4
6
3
6
6
4
4
4
5
5
1
1
1
4
2
6
4
4
6
4
2
2
2
6
8
0
8
0
8
5
5
5
5
5
0
0
8
8
7
7
6
4
8
8
0
8
8
8
3
3
3
1
1
4
4
8
8
8
5
5
8
8
8
5
1
1
1
4
4
4
8
8
8
4
4
4
8
8
8
5
1
1
4
4
8
8
5
1
4
8
8
5
1
4
4
4
8
8
7
5
1
4
4
8
5
5
1
4
4
4
8
8
8
5
1
1
4
4
8
8
8
5
1
4
4
1
4
8
8
8
5
1
4
8
5
1
4
8
8
8
5
1
4
8
5
1
1
4
4
4
8
5
1
1
1
4
8
8
5
1
4
8
5
1
4
8
8
8
5
1
4
4
4
8
5
1
4
8
5
1
1
1
8
5
1
1
4
8
8
8
5
1
4
4
4
8
8
8
5
1
4
8
5
1
4
8
8
8
5
1
1
1
4
8
5
1
4
8
8
8
5
1
1
1
4
4
8
8
8
5
1
4
4
4
8
8
8
5
1
4
8
5
1
4
8
