8
8
8
4
4
4
6
6
6
1
2
2
0
0
4
4
6
6
3
3
7
3
3
6
1
1
1
3
3
3
4
4
4
8
8
8
8
8
8
8
8
8
8
4
4
6
2
2
7
0
3
3
3
6
6
1
1
6
6
6
8
8
8
8
4
8
8
8
3
3
0
3
3
3
2
2
8
8
8
8
8
8
8
4
2
6
8
8
8
8
8
8
8
8
8
2
3
3
7
7
8
8
8
8
8
8
8
8
8
8
2
8
8
8
4
8
8
4
8
8
8
8
8
8
8
4
4
4
8
8
8
4
4
4
4
4
1
1
1
8
8
4
4
8
8
4
8
4
8
8
8
8
8
8
8
4
4
1
1
1
6
6
6
0
6
6
1
3
0
3
3
3
2
2
2
8
8
8
8
8
4
1
3
3
6
8
4
8
8
8
4
8
4
8
4
8
8
4
8
4
8
8
4
4
1
1
3
6
8
4
4
8
4
4
8
4
8
8
8
4
4
4
8
4
8
8
4
8
4
4
8
4
4
8
8
4
8
8
8
4
8
4
8
4
8
4
8
8
4
8
4
8
4
8
4
8
4
8
4
4
8
4
8
4
8
4
8
4
4
8
4
8
4
8
8
8
4
8
4
4
4
8
4
8
4
8
8
8
4
8
4
8
4
8
4
8
4
8
8
8
4
4
4
8
4
8
4
8
4
8
4
8
8
8
8
8
4
4
4
8
4
8
4
8
4
8
8
8
8
4
4
4
8
4
8
4
8
8
4
8
4
8
4
8
4
4
8
4
8
4
8
8
4
4
8
8
4
4
8
4
8
8
