6
6
4
4
4
8
8
8
6
6
6
6
6
6
0
4
4
4
4
4
4
0
1
7
2
2
2
0
0
4
4
0
0
2
2
4
6
6
6
6
0
4
4
4
7
7
0
2
4
4
4
6
5
8
8
1
1
1
3
3
3
6
6
6
1
1
1
2
8
8
8
7
4
4
3
7
8
8
8
8
5
4
4
4
8
8
7
8
8
8
8
8
3
3
0
4
4
4
6
6
6
6
6
0
4
4
6
6
5
8
8
8
8
1
2
0
4
8
5
5
5
3
8
8
8
5
8
8
5
3
3
7
1
5
3
2
2
2
3
3
3
2
2
8
8
8
8
8
8
8
8
8
8
8
8
8
8
8
8
8
8
8
8
8
8
8
8
8
8
8
8
8
8
8
8
8
8
8
8
8
8
8
8
8
8
8
8
8
8
8
8
8
8
8
8
8
8
8
8
8
8
8
8
8
8
8
8
8
8
8
8
8
8
8
8
8
8
8
8
8
8
8
8
8
8
8
8
8
8
8
8
8
8
8
8
8
8
8
8
8
8
8
8
8
8
8
8
8
8
8
8
8
8
8
8
8
8
8
8
8
8
8
8
8
8
8
8
8
8
8
8
8
8
8
8
8
8
8
8
8
8
8
8
8
8
8
8
8
8
8
8
8
8
8
8
8
8
8
8
8
8
8
8
8
8
8
8
8
8
8
8
8
8
8
8
8
8
8
8
8
8
8
8
8
8
8
8
8
8
8
8
8
8
8
8
8
8
8
8
8
8
8
8
8
8
8
8
8
8
8
8
8
8
8
8
8
8
8
8
8
8
8
