5
8
8
8
0
0
6
5
5
8
8
8
7
3
7
7
7
7
7
6
6
6
7
7
6
6
7
8
8
8
0
0
4
7
7
7
8
7
7
8
8
8
1
2
5
5
8
8
3
3
0
3
8
8
8
5
8
8
8
2
5
8
8
8
3
3
3
4
3
4
5
8
8
8
1
5
5
8
8
8
0
1
6
6
6
4
1
8
8
3
3
3
3
3
3
3
0
8
8
8
8
8
8
8
3
3
3
3
3
3
4
4
4
4
0
8
8
8
8
8
8
8
8
8
8
8
8
8
8
8
8
8
8
8
8
8
8
8
8
8
8
8
8
8
8
8
8
8
8
8
8
8
8
8
8
8
8
8
8
8
8
8
8
8
8
8
8
8
8
8
8
8
8
8
8
8
8
8
8
8
8
8
8
8
8
8
8
8
8
8
8
8
8
8
8
8
8
8
8
8
8
8
8
8
8
8
8
8
8
8
8
8
8
8
8
8
8
8
8
8
8
8
8
8
8
8
8
8
8
8
8
8
8
8
8
8
8
8
8
8
8
8
8
8
8
8
8
8
8
8
8
8
8
8
8
8
8
8
8
8
8
8
8
8
8
8
8
8
8
8
8
8
8
8
8
8
8
8
8
8
8
8
8
8
8
8
8
8
8
8
8
8
8
8
8
8
8
8
8
8
8
8
8
8
8
8
8
8
8
8
8
8
8
8
8
8
8
8
8
8
8
8
8
8
8
8
8
8
8
8
8
8
8
8
8
8
8
8
8
8
8
8
8
8
8
8
8
8
8
8
8
8
8
8
8
8
8
8
8
8
8
8
