8
3
5
1
3
4
7
6
6
2
6
5
2
1
1
0
2
3
2
0
4
1
0
4
0
0
0
0
4
0
8
7
0
1
0
7
0
7
0
4
0
7
0
2
0
7
0
7
0
7
0
7
0
7
0
7
0
7
0
7
0
7
0
7
0
7
0
7
0
7
0
7
0
7
0
7
0
7
0
7
0
7
0
7
0
7
0
7
0
7
4
7
6
7
4
7
4
7
6
7
6
7
6
7
6
7
6
7
6
7
6
7
6
7
6
7
6
7
4
7
5
7
2
4
2
6
1
6
8
5
6
1
6
4
6
1
6
7
4
7
5
7
6
7
8
7
6
7
6
7
6
7
5
7
4
7
4
7
6
7
6
7
5
7
4
7
5
7
6
7
5
7
6
7
4
7
6
7
6
7
5
7
6
7
4
7
6
7
6
7
6
7
5
7
4
7
5
7
5
7
6
7
6
7
6
7
6
7
6
7
5
7
6
7
4
7
6
7
6
7
5
7
5
7
5
7
5
7
5
7
5
7
4
7
5
7
5
7
5
7
6
7
6
7
6
7
6
7
8
7
6
7
6
7
6
7
5
7
5
7
5
7
5
7
2
7
4
7
6
7
6
7
5
7
6
7
6
7
6
7
5
7
5
7
6
7
6
7
6
7
6
7
6
7
6
7
4
7
5
7
6
7
6
7
6
7
6
7
5
7
8
7
6
7
5
7
6
7
4
7
4
7
5
7
0
7
0
7
0
7
0
7
0
7
0
7
0
7
0
7
0
7
0
7
0
7
0
7
0
7
0
7
0
7
0
