0
7
2
0
5
5
0
1
4
2
6
5
8
6
8
3
1
4
3
8
6
4
4
1
1
2
3
3
6
3
0
8
4
0
2
7
0
6
0
7
0
7
0
7
0
3
1
0
6
0
7
0
7
0
7
0
7
0
7
0
7
0
7
0
7
0
7
0
7
0
7
0
7
0
7
0
7
0
7
0
7
0
7
0
7
0
7
0
7
0
7
0
7
0
7
0
7
0
7
0
7
0
7
0
7
0
7
0
7
0
7
0
7
0
7
0
7
0
7
0
7
0
7
0
7
0
4
0
6
0
6
0
6
0
6
0
5
0
5
0
4
0
4
0
5
0
6
0
6
0
5
0
4
0
5
0
4
0
4
0
6
0
6
0
6
0
4
0
6
0
6
0
4
0
6
0
6
0
6
0
5
0
5
0
4
0
5
0
6
0
5
0
5
0
6
0
4
0
6
0
6
0
4
0
4
0
6
0
4
0
4
0
4
0
6
0
6
0
6
0
5
0
6
0
8
0
5
0
6
0
5
0
6
0
6
0
6
0
5
0
5
0
5
0
5
0
6
0
6
0
6
0
6
0
6
0
5
0
6
0
6
0
6
0
6
0
7
0
7
6
7
6
7
6
7
6
7
6
7
6
7
5
7
4
7
5
7
6
7
5
7
4
7
5
7
6
7
5
7
5
7
5
7
6
7
6
7
6
7
6
7
4
7
5
7
5
7
4
7
4
7
5
7
5
7
5
7
4
7
6
7
5
7
8
7
5
7
5
7
5
7
6
7
6
7
5
7
6
7
6
7
6
7
6
7
