2
3
2
7
4
5
4
1
4
5
7
8
7
5
7
3
7
8
7
6
7
8
0
7
0
4
0
7
0
7
0
7
0
7
0
7
0
7
0
7
0
7
0
7
0
7
0
7
0
7
0
7
0
7
0
7
0
7
0
7
0
7
0
7
0
4
0
6
0
6
0
6
0
3
0
6
0
1
0
1
0
4
0
2
0
4
0
5
0
4
0
4
0
4
0
1
0
5
0
4
0
6
0
6
0
5
0
5
0
6
0
6
0
6
0
6
0
6
0
6
0
6
0
4
0
6
0
6
0
6
0
6
0
6
0
6
0
6
0
6
0
6
0
6
0
5
0
6
0
6
0
6
4
6
8
6
2
4
7
5
7
1
7
5
7
2
7
4
7
5
7
4
7
5
7
5
7
5
7
4
7
6
7
5
7
6
7
6
7
6
7
6
7
4
7
5
7
5
7
6
7
4
7
5
7
6
7
6
7
6
7
6
7
4
7
6
7
6
7
6
7
5
7
6
7
5
7
5
7
4
7
5
7
5
7
5
7
4
7
6
7
6
7
6
7
6
7
6
7
8
7
6
7
5
7
6
7
6
7
6
7
5
7
5
7
4
7
6
7
6
7
5
7
4
7
5
7
6
7
6
7
6
7
6
7
6
7
6
7
6
7
6
7
6
7
6
7
5
7
6
7
6
7
6
7
5
7
6
7
6
7
6
7
6
7
6
7
4
7
6
7
5
7
4
7
6
7
6
7
5
7
8
7
4
7
6
7
6
7
4
7
6
7
6
7
6
7
6
7
6
7
6
7
6
7
