3
7
5
5
0
2
4
2
8
0
4
0
5
6
0
8
4
7
0
1
0
7
0
4
0
7
6
8
4
5
3
3
4
5
8
2
1
8
1
2
1
1
1
8
3
2
5
1
5
1
5
3
6
5
3
2
6
3
3
1
4
7
5
7
8
7
5
7
4
7
6
7
5
7
5
7
4
7
6
7
6
7
6
7
6
7
6
7
6
7
6
7
6
7
6
7
6
7
6
7
6
7
6
7
6
7
6
7
5
7
5
7
5
7
4
7
4
7
6
7
4
7
4
7
6
7
6
7
4
7
6
7
4
7
6
7
5
7
6
7
4
7
6
7
6
7
6
7
6
7
6
7
6
7
6
7
6
7
6
7
4
7
1
7
1
7
6
7
6
7
6
7
6
7
6
7
6
7
6
7
6
7
6
7
5
7
5
7
5
7
5
7
8
7
5
7
6
7
5
7
6
7
5
7
6
7
6
7
6
7
6
7
2
7
4
7
6
7
2
7
4
7
5
7
5
7
5
7
5
7
6
7
6
7
6
7
6
7
6
7
5
7
6
7
6
7
6
7
5
7
5
7
8
7
5
7
6
7
6
7
6
7
5
7
6
7
6
7
5
7
5
7
4
7
6
7
6
7
6
7
6
7
6
7
6
7
5
7
5
7
5
7
5
7
5
7
5
7
6
7
6
7
6
7
6
7
6
7
6
7
6
7
5
7
6
7
5
7
4
7
6
7
5
7
6
7
5
7
6
7
6
7
6
7
6
7
6
7
5
7
4
7
6
7
6
7
8
7
6
7
5
7
6
7
5
