0
5
0
2
8
1
4
7
2
3
0
7
0
7
8
2
5
7
7
7
0
7
7
0
1
2
0
0
4
6
0
7
0
7
0
7
0
7
0
7
0
7
0
7
0
7
0
7
0
7
0
7
4
7
4
7
6
7
4
7
6
7
6
7
6
7
6
7
6
4
6
4
7
6
7
5
7
6
7
4
7
5
7
6
7
6
7
5
7
6
7
5
7
8
7
4
7
6
7
6
7
4
7
8
7
6
7
6
7
6
7
6
7
6
7
5
7
4
7
8
7
8
7
4
7
5
7
5
7
4
7
4
7
5
7
2
7
2
7
4
7
3
7
4
7
6
7
6
7
5
7
5
7
5
7
4
7
5
7
6
7
6
7
5
7
4
7
5
7
4
7
4
7
6
7
5
7
6
7
6
7
5
7
2
7
6
7
5
7
6
7
6
7
5
7
5
7
5
7
5
7
5
7
5
7
4
7
6
7
6
7
6
7
5
7
4
7
4
7
6
7
6
7
6
7
6
7
6
7
6
7
6
7
6
7
4
7
4
7
6
7
4
7
5
7
5
7
6
7
6
7
6
7
6
7
6
7
5
7
5
7
6
7
4
7
8
7
8
7
4
7
2
6
4
0
6
0
6
0
6
0
6
0
6
0
6
0
6
0
6
0
6
0
6
0
6
0
6
0
6
0
6
0
5
0
5
0
6
0
6
0
6
0
5
0
6
0
5
0
6
0
6
0
4
0
5
0
6
0
6
0
5
0
5
0
4
0
6
0
6
0
6
0
6
0
6
0
5
0
4
0
6
0
6
0
