2
8
0
7
5
4
7
8
7
0
6
2
0
5
3
0
2
0
0
5
0
5
2
0
4
0
7
8
0
7
0
1
0
7
4
7
0
7
0
7
0
3
7
0
7
0
4
4
4
8
4
4
4
4
6
4
0
6
0
7
0
7
0
7
0
7
0
4
0
5
0
5
0
6
0
6
0
6
0
1
0
8
0
4
0
6
0
5
0
5
0
8
0
5
0
4
0
6
0
6
0
4
0
6
0
5
4
1
6
1
5
2
6
3
2
5
7
6
7
5
7
5
7
5
7
2
7
2
7
2
7
5
7
4
7
3
7
5
7
4
7
4
7
6
7
5
4
0
6
0
5
0
6
0
5
0
6
0
6
0
5
0
5
0
6
0
4
0
6
0
6
0
6
0
6
0
6
0
4
0
4
0
4
0
4
0
8
0
5
0
6
0
5
0
5
0
6
0
6
0
5
0
6
0
6
0
6
0
6
0
6
0
4
0
6
0
6
0
6
0
6
0
4
0
6
0
5
0
6
0
6
0
4
0
6
0
6
0
4
0
6
0
6
0
5
0
6
0
6
0
6
0
6
0
6
0
6
0
6
0
6
0
6
0
5
0
6
0
6
0
4
0
4
0
6
0
6
0
6
0
5
0
4
0
4
0
5
0
5
0
4
0
2
6
2
6
2
5
8
6
2
6
1
8
8
5
6
2
6
2
5
0
5
0
5
0
6
0
6
0
6
0
6
0
5
0
5
0
5
0
6
0
6
0
5
0
4
0
6
0
6
0
5
0
6
0
6
0
6
0
6
0
6
0
5
