6
3
1
8
2
0
4
4
5
1
7
0
3
0
7
0
1
5
5
1
6
8
1
4
7
8
7
4
6
7
3
1
7
6
7
1
7
3
7
2
7
0
7
0
7
0
7
0
7
0
7
0
7
0
7
0
7
0
7
0
7
0
7
0
7
0
7
0
7
0
7
0
7
0
7
0
7
0
7
0
7
0
7
0
7
0
7
0
7
0
4
0
4
0
6
0
4
0
4
0
4
0
4
0
6
0
6
0
4
0
6
0
6
0
4
0
6
0
6
0
6
0
4
0
6
0
6
0
6
0
6
0
4
0
1
0
4
0
6
0
6
0
6
0
6
0
6
0
6
0
5
0
5
0
4
0
6
0
6
0
5
0
5
0
6
0
5
0
6
0
6
0
4
0
5
0
2
0
4
0
8
0
4
0
4
0
6
0
6
0
6
0
6
0
6
0
6
0
5
0
6
0
6
0
5
0
5
0
6
0
6
0
6
0
5
0
6
0
5
0
6
0
5
0
6
0
5
0
5
0
5
0
6
0
5
0
6
0
5
0
5
0
5
0
5
0
6
0
4
0
6
0
5
0
6
0
6
0
6
0
6
0
6
0
6
0
6
0
6
0
6
0
6
0
6
0
6
0
6
0
5
0
2
0
6
0
6
0
6
0
6
0
6
0
6
0
6
0
6
0
6
0
6
0
5
0
5
0
6
0
6
0
6
0
6
0
6
0
5
0
6
0
5
0
5
0
5
0
6
0
6
0
6
0
4
0
6
0
6
0
6
0
5
0
6
0
4
0
5
0
6
0
5
0
5
